    0.050000000000   10.000000000000    1
    0.892060000000   20.000000000000    1
    1.796500000000   30.000000000000    1
    2.077200000000   40.000000000000    1
    2.389100000000   50.000000000000    1
    2.669700000000   60.000000000000    1
    2.856900000000   70.000000000000    1
    3.044000000000   80.000000000000    1
    3.231100000000   90.000000000000    1
    3.449400000000  100.000000000000    1
    3.449400000000  110.000000000000    1
    3.480600000000  120.000000000000    1
    3.511800000000  130.000000000000    1
    3.605400000000  140.000000000000    1
    3.730100000000  150.000000000000    1
    3.917200000000  160.000000000000    1
    3.948400000000  170.000000000000    1
    4.010800000000  180.000000000000    1
    4.229100000000  190.000000000000    1
    4.322700000000  200.000000000000    1
    4.416200000000  210.000000000000    1
    4.572200000000  220.000000000000    1
    4.728100000000  230.000000000000    1
    4.852900000000  240.000000000000    1
    5.008800000000  250.000000000000    1
    5.164700000000  260.000000000000    1
    5.320700000000  270.000000000000    1
    5.507800000000  280.000000000000    1
    5.632600000000  290.000000000000    1
    5.788500000000  300.000000000000    1
    5.944400000000  310.000000000000    1
    6.162700000000  320.000000000000    1
    6.287500000000  330.000000000000    1
    6.474600000000  340.000000000000    1
    6.661700000000  350.000000000000    1
    6.817700000000  360.000000000000    1
    6.973600000000  370.000000000000    1
    7.160800000000  380.000000000000    1
    7.160800000000  210.000000000000    2
    7.316700000000  220.000000000000    2
    7.316700000000  390.000000000000    1
    7.503800000000  400.000000000000    1
    7.503800000000  230.000000000000    2
    7.690900000000  410.000000000000    1
    7.690900000000  240.000000000000    2
    7.878100000000  420.000000000000    1
    7.878100000000  250.000000000000    2
    8.034000000000  430.000000000000    1
    8.158800000000  260.000000000000    2
    8.252300000000  440.000000000000    1
    8.345900000000  270.000000000000    2
    8.377100000000  280.000000000000    2
    8.377100000000  450.000000000000    1
    8.533000000000  290.000000000000    2
    8.533000000000  460.000000000000    1
    8.688900000000  300.000000000000    2
    8.876100000000  470.000000000000    1
    8.907300000000  310.000000000000    2
    9.000800000000  480.000000000000    1
    9.000800000000  320.000000000000    2
    9.156800000000  490.000000000000    1
    9.187900000000  330.000000000000    2
    9.343900000000  500.000000000000    1
    9.375100000000  340.000000000000    2
    9.499800000000  510.000000000000    1
    9.499800000000  350.000000000000    2
    9.655800000000  520.000000000000    1
    9.655800000000  360.000000000000    2
    9.842900000000  530.000000000000    1
    9.842900000000  370.000000000000    2
    9.998800000000  380.000000000000    2
    9.998800000000  540.000000000000    1
   10.186000000000  390.000000000000    2
   10.311000000000  400.000000000000    2
   10.498000000000  410.000000000000    2
   10.623000000000  290.000000000000    3
   10.685000000000  300.000000000000    3
   10.685000000000  420.000000000000    2
   10.841000000000  430.000000000000    2
   10.966000000000  310.000000000000    3
   10.997000000000  440.000000000000    2
   11.184000000000  320.000000000000    3
   11.215000000000  450.000000000000    2
   11.340000000000  330.000000000000    3
   11.371000000000  460.000000000000    2
   11.527000000000  340.000000000000    3
   11.558000000000  350.000000000000    3
   11.558000000000  470.000000000000    2
   11.777000000000  480.000000000000    2
   11.808000000000  360.000000000000    3
   11.995000000000  490.000000000000    2
   11.995000000000  370.000000000000    3
   12.151000000000  500.000000000000    2
   12.182000000000  380.000000000000    3
   12.338000000000  510.000000000000    2
   12.369000000000  390.000000000000    3
   12.400000000000  520.000000000000    2
   12.525000000000  400.000000000000    3
   12.681000000000  530.000000000000    2
   12.712000000000  410.000000000000    3
   12.868000000000  540.000000000000    2
   12.899000000000  420.000000000000    3
   13.024000000000  550.000000000000    2
   13.055000000000  430.000000000000    3
   13.211000000000  560.000000000000    2
   13.211000000000  440.000000000000    3
   13.367000000000  570.000000000000    2
   13.367000000000  210.000000000000    5
   13.398000000000  220.000000000000    5
   13.398000000000  450.000000000000    3
   13.554000000000  580.000000000000    2
   13.554000000000  460.000000000000    3
   13.679000000000  470.000000000000    3
   13.773000000000  230.000000000000    5
   13.804000000000  590.000000000000    2
   13.835000000000  480.000000000000    3
   13.960000000000  600.000000000000    2
   13.960000000000  240.000000000000    5
   13.991000000000  490.000000000000    3
   14.022000000000  250.000000000000    5
   14.209000000000  500.000000000000    3
   14.209000000000  610.000000000000    2
   14.240000000000  260.000000000000    5
   14.334000000000  510.000000000000    3
   14.365000000000  620.000000000000    2
   14.490000000000  520.000000000000    3
   14.490000000000  630.000000000000    2
   14.490000000000  270.000000000000    5
   14.708000000000  640.000000000000    2
   14.708000000000  530.000000000000    3
   14.739000000000  280.000000000000    5
   14.864000000000  540.000000000000    3
   14.958000000000  650.000000000000    2
   14.958000000000  290.000000000000    5
   14.958000000000  550.000000000000    3
   15.145000000000  560.000000000000    3
   15.145000000000  660.000000000000    2
   15.176000000000  300.000000000000    5
   15.363000000000  670.000000000000    2
   15.363000000000  570.000000000000    3
   15.394000000000  310.000000000000    5
   15.394000000000  580.000000000000    3
   15.488000000000  680.000000000000    2
   15.706000000000  320.000000000000    5
   15.706000000000  590.000000000000    3
   15.706000000000  690.000000000000    2
   15.831000000000  600.000000000000    3
   15.893000000000  700.000000000000    2
   15.924000000000  610.000000000000    3
   15.924000000000  330.000000000000    5
   15.987000000000  710.000000000000    2
   16.174000000000  620.000000000000    3
   16.205000000000  720.000000000000    2
   16.205000000000  340.000000000000    5
   16.268000000000  630.000000000000    3
   16.361000000000  490.000000000000    4
   16.486000000000  730.000000000000    2
   16.517000000000  640.000000000000    3
   16.517000000000  350.000000000000    5
   16.579000000000  740.000000000000    2
   16.611000000000  650.000000000000    3
   16.611000000000  500.000000000000    4
   16.642000000000  660.000000000000    3
   16.642000000000  360.000000000000    5
   16.642000000000  750.000000000000    2
   16.829000000000  510.000000000000    4
   17.078000000000  520.000000000000    4
   17.078000000000  370.000000000000    5
   17.078000000000  760.000000000000    2
   17.078000000000  670.000000000000    3
   17.110000000000  770.000000000000    2
   17.110000000000  680.000000000000    3
   17.203000000000  530.000000000000    4
   17.297000000000  690.000000000000    3
   17.297000000000  380.000000000000    5
   17.359000000000  780.000000000000    2
   17.390000000000  540.000000000000    4
   17.484000000000  700.000000000000    3
   17.515000000000  710.000000000000    3
   17.515000000000  790.000000000000    2
   17.515000000000  390.000000000000    5
   17.515000000000  550.000000000000    4
   17.671000000000  800.000000000000    2
   17.827000000000  570.000000000000    4
   17.827000000000  560.000000000000    4
   17.827000000000  400.000000000000    5
   17.827000000000  720.000000000000    3
   17.858000000000  810.000000000000    2
   17.858000000000  410.000000000000    5
   17.858000000000  730.000000000000    3
   18.045000000000  580.000000000000    4
   18.139000000000  740.000000000000    3
   18.139000000000  820.000000000000    2
   18.201000000000  420.000000000000    5
   18.232000000000  590.000000000000    4
   18.388000000000  750.000000000000    3
   18.388000000000  830.000000000000    2
   18.419000000000  600.000000000000    4
   18.419000000000  430.000000000000    5
   18.513000000000  840.000000000000    2
   18.513000000000  610.000000000000    4
   18.513000000000  760.000000000000    3
   18.544000000000  440.000000000000    5
   18.762000000000  770.000000000000    3
   18.762000000000  850.000000000000    2
   18.762000000000  620.000000000000    4
   18.794000000000  450.000000000000    5
   18.794000000000  860.000000000000    2
   18.794000000000  630.000000000000    4
   18.918000000000  780.000000000000    3
   18.950000000000  460.000000000000    5
   19.043000000000  790.000000000000    3
   19.043000000000  870.000000000000    2
   19.043000000000  640.000000000000    4
   19.355000000000  800.000000000000    3
   19.355000000000  650.000000000000    4
   19.355000000000  880.000000000000    2
   19.355000000000  470.000000000000    5
   19.386000000000  480.000000000000    5
   19.386000000000  660.000000000000    4
   19.480000000000  890.000000000000    2
   19.511000000000  810.000000000000    3
   19.511000000000  670.000000000000    4
   19.542000000000  490.000000000000    5
   19.542000000000  820.000000000000    3
   19.605000000000  900.000000000000    2
   19.636000000000  680.000000000000    4
   19.823000000000  500.000000000000    5
   19.854000000000  690.000000000000    4
   19.854000000000  910.000000000000    2
   19.885000000000  830.000000000000    3
   19.916000000000  510.000000000000    5
   19.916000000000  520.000000000000    5
   19.916000000000  920.000000000000    2
   19.916000000000  700.000000000000    4
   19.916000000000  840.000000000000    3
   20.104000000000  560.000000000000    5
   20.228000000000  530.000000000000    5
   20.228000000000  930.000000000000    2
   20.228000000000  710.000000000000    4
   20.228000000000  850.000000000000    3
   20.259000000000  720.000000000000    4
   20.415000000000  550.000000000000    5
   20.415000000000  940.000000000000    2
   20.415000000000  860.000000000000    3
   20.415000000000  540.000000000000    5
   20.415000000000  730.000000000000    4
   20.415000000000  870.000000000000    3
   20.509000000000  740.000000000000    4
   20.571000000000  950.000000000000    2
   20.883000000000  750.000000000000    4
   20.946000000000  960.000000000000    2
   21.008000000000  760.000000000000    4
   21.039000000000  570.000000000000    5
   21.070000000000  580.000000000000    5
   21.070000000000  970.000000000000    2
   21.102000000000  980.000000000000    2
   21.102000000000  770.000000000000    4
   21.226000000000  990.000000000000    2
   21.258000000000  780.000000000000    4
   21.601000000000 1000.000000000000    2
   21.601000000000  790.000000000000    4
   21.632000000000  800.000000000000    4
   21.663000000000  810.000000000000    4
   21.912000000000  820.000000000000    4
   22.162000000000  830.000000000000    4
   22.193000000000  840.000000000000    4
   22.505000000000  850.000000000000    4
   22.505000000000  860.000000000000    4
   22.755000000000  870.000000000000    4
   23.004000000000  880.000000000000    4
   23.098000000000  890.000000000000    4
   23.316000000000  900.000000000000    4
   23.378000000000  910.000000000000    4
   23.784000000000  920.000000000000    4
   23.846000000000  930.000000000000    4
   24.096000000000  940.000000000000    4
   24.127000000000  950.000000000000    4
