0 228 20
0 228 21
0 229 20
0 229 21
0 230 20
0 230 21
0 231 20
0 231 21
0 231 22
0 232 21
0 232 22
0 233 21
0 233 22
0 234 21
0 234 22
0 235 21
0 235 22
0 236 21
0 236 22
0 236 23
0 237 21
0 237 22
0 237 23
0 238 21
0 238 22
0 238 23
0 239 21
0 239 22
0 239 23
0 240 21
0 240 22
0 240 23
0 241 21
0 241 22
0 241 23
0 242 21
0 242 22
0 242 23
0 242 24
0 243 22
0 243 23
0 243 24
0 244 22
0 244 23
0 244 24
0 245 22
0 245 23
0 245 24
0 246 22
0 246 23
0 246 24
0 247 22
0 247 23
0 247 24
0 248 22
0 248 23
0 248 24
0 249 22
0 249 23
0 249 24
0 249 25
0 250 23
0 250 24
0 250 25
0 251 23
0 251 24
0 251 25
0 252 23
0 252 24
0 252 25
0 253 23
0 253 24
0 253 25
0 253 26
0 254 23
0 254 24
0 254 25
0 254 26
0 255 23
0 255 24
0 255 25
0 255 26
0 256 23
0 256 24
0 256 25
0 256 26
0 257 24
0 257 25
0 257 26
0 258 24
0 258 25
0 258 26
0 259 24
0 259 25
0 259 26
0 259 27
0 260 24
0 260 25
0 260 26
0 260 27
0 261 24
0 261 25
0 261 26
0 261 27
0 262 25
0 262 26
0 262 27
0 263 25
0 263 26
0 263 27
0 263 28
0 264 25
0 264 26
0 264 27
0 264 28
0 265 25
0 265 26
0 265 27
0 265 28
0 266 25
0 266 26
0 266 27
0 266 28
0 267 25
0 267 26
0 267 27
0 267 28
0 268 25
0 268 26
0 268 27
0 268 28
0 268 29
0 269 25
0 269 26
0 269 27
0 269 28
0 269 29
0 270 26
0 270 27
0 270 28
0 270 29
0 271 26
0 271 27
0 271 28
0 271 29
0 272 26
0 272 27
0 272 28
0 272 29
0 273 26
0 273 27
0 273 28
0 273 29
0 274 26
0 274 27
0 274 28
0 274 29
0 274 30
0 275 26
0 275 27
0 275 28
0 275 29
0 275 30
0 276 26
0 276 27
0 276 28
0 276 29
0 276 30
0 277 27
0 277 28
0 277 29
0 277 30
0 278 27
0 278 28
0 278 29
0 278 30
0 279 27
0 279 28
0 279 29
0 279 30
0 280 28
0 280 29
0 280 30
0 280 31
0 281 28
0 281 29
0 281 30
0 281 31
0 282 28
0 282 29
0 282 30
0 282 31
0 283 28
0 283 29
0 283 30
0 283 31
0 283 32
0 284 28
0 284 29
0 284 30
0 284 31
0 284 32
0 285 28
0 285 29
0 285 30
0 285 31
0 285 32
0 286 28
0 286 29
0 286 30
0 286 31
0 286 32
0 287 28
0 287 29
0 287 30
0 287 31
0 287 32
0 288 29
0 288 30
0 288 31
0 288 32
0 289 29
0 289 30
0 289 31
0 289 32
0 290 29
0 290 30
0 290 31
0 290 32
0 290 33
0 291 29
0 291 30
0 291 31
0 291 32
0 291 33
0 292 29
0 292 30
0 292 31
0 292 32
0 292 33
0 293 30
0 293 31
0 293 32
0 293 33
0 294 30
0 294 31
0 294 32
0 294 33
0 294 34
0 295 30
0 295 31
0 295 32
0 295 33
0 295 34
0 296 30
0 296 31
0 296 32
0 296 33
0 296 34
0 297 31
0 297 32
0 297 33
0 297 34
0 298 31
0 298 32
0 298 33
0 298 34
0 299 31
0 299 32
0 299 33
0 299 34
0 299 35
0 300 31
0 300 32
0 300 33
0 300 34
0 300 35
0 301 31
0 301 32
0 301 33
0 301 34
0 301 35
0 302 32
0 302 33
0 302 34
0 302 35
0 303 32
0 303 33
0 303 34
0 303 35
0 304 32
0 304 33
0 304 34
0 304 35
0 305 32
0 305 33
0 305 34
0 305 35
0 306 32
0 306 33
0 306 34
0 306 35
0 306 36
0 307 32
0 307 33
0 307 34
0 307 35
0 307 36
0 308 33
0 308 34
0 308 35
0 308 36
0 309 33
0 309 34
0 309 35
0 309 36
0 310 33
0 310 34
0 310 35
0 310 36
0 311 33
0 311 34
0 311 35
0 311 36
0 311 37
0 312 33
0 312 34
0 312 35
0 312 36
0 312 37
0 313 34
0 313 35
0 313 36
0 313 37
0 314 34
0 314 35
0 314 36
0 314 37
0 314 38
0 315 34
0 315 35
0 315 36
0 315 37
0 315 38
0 316 34
0 316 35
0 316 36
0 316 37
0 316 38
0 317 34
0 317 35
0 317 36
0 317 37
0 317 38
0 318 34
0 318 35
0 318 36
0 318 37
0 318 38
0 319 35
0 319 36
0 319 37
0 319 38
0 320 35
0 320 36
0 320 37
0 320 38
0 320 39
0 321 35
0 321 36
0 321 37
0 321 38
0 321 39
0 322 35
0 322 36
0 322 37
0 322 38
0 322 39
0 323 36
0 323 37
0 323 38
0 323 39
0 324 36
0 324 37
0 324 38
0 324 39
0 325 36
0 325 37
0 325 38
0 325 39
0 325 40
0 326 36
0 326 37
0 326 38
0 326 39
0 326 40
0 327 36
0 327 37
0 327 38
0 327 39
0 327 40
0 328 36
0 328 37
0 328 38
0 328 39
0 328 40
0 329 36
0 329 37
0 329 38
0 329 39
0 329 40
0 330 37
0 330 38
0 330 39
0 330 40
0 331 37
0 331 38
0 331 39
0 331 40
0 332 37
0 332 38
0 332 39
0 332 40
0 332 41
0 333 37
0 333 38
0 333 39
0 333 40
0 333 41
0 334 37
0 334 38
0 334 39
0 334 40
0 334 41
0 335 38
0 335 39
0 335 40
0 335 41
0 336 38
0 336 39
0 336 40
0 336 41
0 337 38
0 337 39
0 337 40
0 337 41
0 337 42
0 338 38
0 338 39
0 338 40
0 338 41
0 338 42
0 339 39
0 339 40
0 339 41
0 339 42
0 340 39
0 340 40
0 340 41
0 340 42
0 341 39
0 341 40
0 341 41
0 341 42
0 341 43
0 342 39
0 342 40
0 342 41
0 342 42
0 342 43
0 343 39
0 343 40
0 343 41
0 343 42
0 343 43
0 344 39
0 344 40
0 344 41
0 344 42
0 344 43
0 345 40
0 345 41
0 345 42
0 345 43
0 346 40
0 346 41
0 346 42
0 346 43
0 347 40
0 347 41
0 347 42
0 347 43
0 347 44
0 348 40
0 348 41
0 348 42
0 348 43
0 348 44
0 349 41
0 349 42
0 349 43
0 349 44
0 350 41
0 350 42
0 350 43
0 350 44
0 351 41
0 351 42
0 351 43
0 351 44
0 352 41
0 352 42
0 352 43
0 352 44
0 353 41
0 353 42
0 353 43
0 353 44
0 354 42
0 354 43
0 354 44
0 354 45
0 355 42
0 355 43
0 355 44
0 355 45
0 356 42
0 356 43
0 356 44
0 356 45
0 357 42
0 357 43
0 357 44
0 357 45
0 358 42
0 358 43
0 358 44
0 358 45
0 359 42
0 359 43
0 359 44
0 359 45
0 359 46
0 360 42
0 360 43
0 360 44
0 360 45
0 360 46
0 361 43
0 361 44
0 361 45
0 361 46
0 362 43
0 362 44
0 362 45
0 362 46
0 363 43
0 363 44
0 363 45
0 363 46
0 364 43
0 364 44
0 364 45
0 364 46
0 364 47
0 365 43
0 365 44
0 365 45
0 365 46
0 365 47
0 366 44
0 366 45
0 366 46
0 366 47
0 367 44
0 367 45
0 367 46
0 367 47
0 368 44
0 368 45
0 368 46
0 368 47
0 369 44
0 369 45
0 369 46
0 369 47
0 370 44
0 370 45
0 370 46
0 370 47
0 370 48
0 371 44
0 371 45
0 371 46
0 371 47
0 371 48
0 372 45
0 372 46
0 372 47
0 372 48
0 373 45
0 373 46
0 373 47
0 373 48
0 374 45
0 374 46
0 374 47
0 374 48
0 375 45
0 375 46
0 375 47
0 375 48
0 376 45
0 376 46
0 376 47
0 376 48
0 376 49
0 377 45
0 377 46
0 377 47
0 377 48
0 377 49
0 378 45
0 378 46
0 378 47
0 378 48
0 378 49
0 379 46
0 379 47
0 379 48
0 379 49
0 380 46
0 380 47
0 380 48
0 380 49
0 381 46
0 381 47
0 381 48
0 381 49
0 382 47
0 382 48
0 382 49
0 383 47
0 383 48
0 383 49
0 383 50
0 384 47
0 384 48
0 384 49
0 384 50
0 385 47
0 385 48
0 385 49
0 385 50
0 386 47
0 386 48
0 386 49
0 386 50
0 387 48
0 387 49
0 387 50
0 387 51
0 388 48
0 388 49
0 388 50
0 388 51
0 389 48
0 389 49
0 389 50
0 389 51
0 390 48
0 390 49
0 390 50
0 390 51
0 391 48
0 391 49
0 391 50
0 391 51
0 392 48
0 392 49
0 392 50
0 392 51
0 393 49
0 393 50
0 393 51
0 394 49
0 394 50
0 394 51
0 395 49
0 395 50
0 395 51
0 396 49
0 396 50
0 396 51
0 396 52
0 397 49
0 397 50
0 397 51
0 397 52
0 398 49
0 398 50
0 398 51
0 398 52
0 399 49
0 399 50
0 399 51
0 399 52
0 400 50
0 400 51
0 400 52
0 400 53
0 401 50
0 401 51
0 401 52
0 401 53
0 402 50
0 402 51
0 402 52
0 402 53
0 403 50
0 403 51
0 403 52
0 403 53
0 404 50
0 404 51
0 404 52
0 404 53
0 405 50
0 405 51
0 405 52
0 405 53
0 406 50
0 406 51
0 406 52
0 406 53
0 407 51
0 407 52
0 407 53
0 407 54
0 408 51
0 408 52
0 408 53
0 408 54
0 409 51
0 409 52
0 409 53
0 409 54
0 410 52
0 410 53
0 410 54
0 411 52
0 411 53
0 411 54
0 412 52
0 412 53
0 412 54
0 413 52
0 413 53
0 413 54
0 414 52
0 414 53
0 414 54
0 415 52
0 415 53
0 415 54
0 416 53
0 416 54
0 416 55
0 417 53
0 417 54
0 417 55
0 418 53
0 418 54
0 418 55
0 419 53
0 419 54
0 419 55
0 419 56
0 420 53
0 420 54
0 420 55
0 420 56
0 421 53
0 421 54
0 421 55
0 421 56
0 422 53
0 422 54
0 422 55
0 422 56
0 423 53
0 423 54
0 423 55
0 423 56
0 424 54
0 424 55
0 424 56
0 425 54
0 425 55
0 425 56
0 425 57
0 426 54
0 426 55
0 426 56
0 426 57
0 427 54
0 427 55
0 427 56
0 427 57
0 428 55
0 428 56
0 428 57
0 429 55
0 429 56
0 429 57
0 430 55
0 430 56
0 430 57
0 431 55
0 431 56
0 431 57
0 432 55
0 432 56
0 432 57
0 432 58
0 433 56
0 433 57
0 433 58
0 434 56
0 434 57
0 434 58
0 435 56
0 435 57
0 435 58
0 436 56
0 436 57
0 436 58
0 437 56
0 437 57
0 437 58
0 438 56
0 438 57
0 438 58
0 438 59
0 439 57
0 439 58
0 439 59
0 440 57
0 440 58
0 440 59
0 441 57
0 441 58
0 441 59
0 442 57
0 442 58
0 442 59
0 443 57
0 443 58
0 443 59
0 444 57
0 444 58
0 444 59
0 445 58
0 445 59
0 446 58
0 446 59
0 447 58
0 447 59
0 448 58
0 448 59
0 449 58
0 449 59
0 450 58
0 450 59
0 450 60
0 450 61
0 451 58
0 451 59
0 451 60
0 451 61
0 452 58
0 452 59
0 452 60
0 452 61
0 453 59
0 453 60
0 453 61
0 454 59
0 454 60
0 454 61
0 455 60
0 455 61
0 456 60
0 456 61
0 457 60
0 457 61
0 458 60
0 458 61
0 458 62
0 459 60
0 459 61
0 459 62
0 460 60
0 460 61
0 460 62
0 461 60
0 461 61
0 461 62
0 462 60
0 462 61
0 462 62
0 463 60
0 463 61
0 463 62
0 464 60
0 464 61
0 464 62
0 465 60
0 465 61
0 465 62
0 466 60
0 466 61
0 466 62
0 466 63
0 467 62
0 467 63
0 468 62
0 468 63
0 469 62
0 469 63
0 469 64
0 470 62
0 470 63
0 470 64
0 471 62
0 471 63
0 471 64
0 472 63
0 472 64
0 473 63
0 473 64
0 474 63
0 474 64
0 475 63
0 475 64
0 475 65
0 476 63
0 476 64
0 476 65
0 477 63
0 477 64
0 477 65
0 478 64
0 478 65
0 479 64
0 479 65
0 480 64
0 480 65
0 481 64
0 481 65
0 482 64
0 482 65
0 483 64
0 483 65
0 484 64
0 484 65
0 484 66
0 485 64
0 485 65
0 485 66
0 486 64
0 486 65
0 486 66
0 487 64
0 487 65
0 487 66
0 487 67
0 488 64
0 488 65
0 488 66
0 488 67
0 489 65
0 489 66
0 489 67
0 490 65
0 490 66
0 490 67
0 491 65
0 491 66
0 491 67
0 492 66
0 492 67
0 492 68
0 493 66
0 493 67
0 493 68
0 494 66
0 494 67
0 494 68
0 495 66
0 495 67
0 495 68
0 496 66
0 496 67
0 496 68
0 497 66
0 497 67
0 497 68
0 498 66
0 498 67
0 498 68
0 499 67
0 499 68
0 500 67
0 500 68
0 500 69
0 501 67
0 501 68
0 501 69
0 502 67
0 502 68
0 502 69
0 503 67
0 503 68
0 503 69
0 504 67
0 504 68
0 504 69
0 504 70
0 505 67
0 505 68
0 505 69
0 505 70
0 506 68
0 506 69
0 506 70
0 507 68
0 507 69
0 507 70
0 508 68
0 508 69
0 508 70
0 509 68
0 509 69
0 509 70
0 509 71
0 510 68
0 510 69
0 510 70
0 510 71
0 511 68
0 511 69
0 511 70
0 511 71
0 512 68
0 512 69
0 512 70
0 512 71
0 513 69
0 513 70
0 513 71
0 514 69
0 514 70
0 514 71
0 514 72
0 515 69
0 515 70
0 515 71
0 515 72
0 516 69
0 516 70
0 516 71
0 516 72
0 517 69
0 517 70
0 517 71
0 517 72
0 518 69
0 518 70
0 518 71
0 518 72
0 519 69
0 519 70
0 519 71
0 519 72
0 519 73
0 520 70
0 520 71
0 520 72
0 520 73
0 521 70
0 521 71
0 521 72
0 521 73
0 522 71
0 522 72
0 522 73
0 523 71
0 523 72
0 523 73
0 524 71
0 524 72
0 524 73
0 525 71
0 525 72
0 525 73
0 526 71
0 526 72
0 526 73
0 527 71
0 527 72
0 527 73
0 527 74
0 528 71
0 528 72
0 528 73
0 528 74
0 529 72
0 529 73
0 529 74
0 529 75
0 530 72
0 530 73
0 530 74
0 530 75
0 531 72
0 531 73
0 531 74
0 531 75
0 532 72
0 532 73
0 532 74
0 532 75
0 533 72
0 533 73
0 533 74
0 533 75
0 534 72
0 534 73
0 534 74
0 534 75
0 535 72
0 535 73
0 535 74
0 535 75
0 535 76
0 536 72
0 536 73
0 536 74
0 536 75
0 536 76
0 537 72
0 537 73
0 537 74
0 537 75
0 537 76
0 538 73
0 538 74
0 538 75
0 538 76
0 539 74
0 539 75
0 539 76
0 540 74
0 540 75
0 540 76
0 541 74
0 541 75
0 541 76
0 542 75
0 542 76
0 543 75
0 543 76
0 544 75
0 544 76
0 545 75
0 545 76
0 546 75
0 546 76
0 547 75
0 547 76
0 547 77
0 548 75
0 548 76
0 548 77
0 549 75
0 549 76
0 549 77
0 550 75
0 550 76
0 550 77
0 550 78
0 551 75
0 551 76
0 551 77
0 551 78
0 552 75
0 552 76
0 552 77
0 552 78
0 553 75
0 553 76
0 553 77
0 553 78
0 554 75
0 554 76
0 554 77
0 554 78
0 555 76
0 555 77
0 555 78
0 556 76
0 556 77
0 556 78
0 556 79
0 557 76
0 557 77
0 557 78
0 557 79
0 558 76
0 558 77
0 558 78
0 558 79
0 559 77
0 559 78
0 559 79
0 560 77
0 560 78
0 560 79
0 561 77
0 561 78
0 561 79
0 562 77
0 562 78
0 562 79
0 563 77
0 563 78
0 563 79
0 564 77
0 564 78
0 564 79
0 565 77
0 565 78
0 565 79
0 565 80
0 566 78
0 566 79
0 566 80
0 567 78
0 567 79
0 567 80
0 568 78
0 568 79
0 568 80
0 569 78
0 569 79
0 569 80
0 569 81
0 570 78
0 570 79
0 570 80
0 570 81
0 571 78
0 571 79
0 571 80
0 571 81
0 572 78
0 572 79
0 572 80
0 572 81
0 573 78
0 573 79
0 573 80
0 573 81
0 574 79
0 574 80
0 574 81
0 575 79
0 575 80
0 575 81
0 576 80
0 576 81
0 577 80
0 577 81
0 578 80
0 578 81
0 579 80
0 579 81
0 579 82
0 580 80
0 580 81
0 580 82
0 581 80
0 581 81
0 581 82
0 582 80
0 582 81
0 582 82
0 583 80
0 583 81
0 583 82
0 584 80
0 584 81
0 584 82
0 584 83
0 585 81
0 585 82
0 585 83
0 585 84
0 586 81
0 586 82
0 586 83
0 586 84
0 587 81
0 587 82
0 587 83
0 587 84
0 588 81
0 588 82
0 588 83
0 588 84
0 589 81
0 589 82
0 589 83
0 589 84
0 590 81
0 590 82
0 590 83
0 590 84
0 591 81
0 591 82
0 591 83
0 591 84
0 592 81
0 592 82
0 592 83
0 592 84
0 593 82
0 593 83
0 593 84
0 594 82
0 594 83
0 594 84
0 595 83
0 595 84
0 595 85
0 596 83
0 596 84
0 596 85
0 597 83
0 597 84
0 597 85
0 598 83
0 598 84
0 598 85
0 599 83
0 599 84
0 599 85
0 600 83
0 600 84
0 600 85
0 601 83
0 601 84
0 601 85
0 602 83
0 602 84
0 602 85
0 602 86
0 602 87
0 603 84
0 603 85
0 603 86
0 603 87
0 604 84
0 604 85
0 604 86
0 604 87
0 605 84
0 605 85
0 605 86
0 605 87
0 606 84
0 606 85
0 606 86
0 606 87
0 607 84
0 607 85
0 607 86
0 607 87
0 608 84
0 608 85
0 608 86
0 608 87
0 609 84
0 609 85
0 609 86
0 609 87
0 610 85
0 610 86
0 610 87
0 611 85
0 611 86
0 611 87
0 612 85
0 612 86
0 612 87
0 613 86
0 613 87
0 613 88
0 614 86
0 614 87
0 614 88
0 615 86
0 615 87
0 615 88
0 616 86
0 616 87
0 616 88
0 617 86
0 617 87
0 617 88
0 618 86
0 618 87
0 618 88
0 619 86
0 619 87
0 619 88
0 619 89
0 620 87
0 620 88
0 620 89
0 621 87
0 621 88
0 621 89
0 622 87
0 622 88
0 622 89
0 622 90
0 623 87
0 623 88
0 623 89
0 623 90
0 624 87
0 624 88
0 624 89
0 624 90
0 625 87
0 625 88
0 625 89
0 625 90
0 625 91
0 626 87
0 626 88
0 626 89
0 626 90
0 626 91
0 627 87
0 627 88
0 627 89
0 627 90
0 627 91
0 628 87
0 628 88
0 628 89
0 628 90
0 628 91
0 629 87
0 629 88
0 629 89
0 629 90
0 629 91
0 630 88
0 630 89
0 630 90
0 630 91
0 631 88
0 631 89
0 631 90
0 631 91
0 632 89
0 632 90
0 632 91
0 633 89
0 633 90
0 633 91
0 634 89
0 634 90
0 634 91
0 635 89
0 635 90
0 635 91
0 636 89
0 636 90
0 636 91
0 637 90
0 637 91
0 637 92
0 638 90
0 638 91
0 638 92
0 639 90
0 639 91
0 639 92
0 640 90
0 640 91
0 640 92
0 641 90
0 641 91
0 641 92
0 642 90
0 642 91
0 642 92
0 642 93
0 643 90
0 643 91
0 643 92
0 643 93
0 644 91
0 644 92
0 644 93
0 645 91
0 645 92
0 645 93
0 646 91
0 646 92
0 646 93
0 647 91
0 647 92
0 647 93
0 648 91
0 648 92
0 648 93
0 649 91
0 649 92
0 649 93
0 650 92
0 650 93
0 651 92
0 651 93
0 651 94
0 652 92
0 652 93
0 652 94
0 653 92
0 653 93
0 653 94
0 654 92
0 654 93
0 654 94
0 655 92
0 655 93
0 655 94
0 655 95
0 656 92
0 656 93
0 656 94
0 656 95
0 657 92
0 657 93
0 657 94
0 657 95
0 658 92
0 658 93
0 658 94
0 658 95
0 659 93
0 659 94
0 659 95
0 660 93
0 660 94
0 660 95
0 661 93
0 661 94
0 661 95
0 662 94
0 662 95
0 663 94
0 663 95
0 664 94
0 664 95
0 665 94
0 665 95
0 666 94
0 666 95
0 666 96
0 666 97
0 667 94
0 667 95
0 667 96
0 667 97
0 668 94
0 668 95
0 668 96
0 668 97
0 669 94
0 669 95
0 669 96
0 669 97
0 669 98
0 670 94
0 670 95
0 670 96
0 670 97
0 670 98
0 671 94
0 671 95
0 671 96
0 671 97
0 671 98
0 672 94
0 672 95
0 672 96
0 672 97
0 672 98
0 673 94
0 673 95
0 673 96
0 673 97
0 673 98
0 674 94
0 674 95
0 674 96
0 674 97
0 674 98
0 675 95
0 675 96
0 675 97
0 675 98
0 676 95
0 676 96
0 676 97
0 676 98
0 677 95
0 677 96
0 677 97
0 677 98
0 678 96
0 678 97
0 678 98
0 679 96
0 679 97
0 679 98
0 680 96
0 680 97
0 680 98
0 681 96
0 681 97
0 681 98
0 682 97
0 682 98
0 682 99
0 683 97
0 683 98
0 683 99
0 684 97
0 684 98
0 684 99
0 685 97
0 685 98
0 685 99
0 686 97
0 686 98
0 686 99
0 687 97
0 687 98
0 687 99
0 688 97
0 688 98
0 688 99
0 689 98
0 689 99
0 690 98
0 690 99
0 691 98
0 691 99
0 692 98
0 692 99
0 693 99
0 694 99
0 695 99
0 696 99
0 697 99
1 0 0
1 1 0
1 2 0
1 3 0
1 4 0
1 5 0
1 6 0
1 7 0
1 8 0
1 9 0
1 10 0
1 11 0
1 12 0
1 13 0
1 14 0
1 15 0
1 16 0
1 17 0
1 18 0
1 19 0
1 19 1
1 20 0
1 20 1
1 21 0
1 21 1
1 22 0
1 22 1
1 23 0
1 23 1
1 24 0
1 24 1
1 25 0
1 25 1
1 26 0
1 26 1
1 27 0
1 27 1
1 28 0
1 28 1
1 28 2
1 29 0
1 29 1
1 29 2
1 30 0
1 30 1
1 30 2
1 31 0
1 31 1
1 31 2
1 32 0
1 32 1
1 32 2
1 33 0
1 33 1
1 33 2
1 34 0
1 34 1
1 34 2
1 35 0
1 35 1
1 35 2
1 36 0
1 36 1
1 36 2
1 37 0
1 37 1
1 37 2
1 37 3
1 38 0
1 38 1
1 38 2
1 38 3
1 39 0
1 39 1
1 39 2
1 39 3
1 40 0
1 40 1
1 40 2
1 40 3
1 41 0
1 41 1
1 41 2
1 41 3
1 42 0
1 42 1
1 42 2
1 42 3
1 43 0
1 43 1
1 43 2
1 43 3
1 44 0
1 44 1
1 44 2
1 44 3
1 45 0
1 45 1
1 45 2
1 45 3
1 46 0
1 46 1
1 46 2
1 46 3
1 47 0
1 47 1
1 47 2
1 47 3
1 48 0
1 48 1
1 48 2
1 48 3
1 49 0
1 49 1
1 49 2
1 49 3
1 50 0
1 50 1
1 50 2
1 50 3
1 51 0
1 51 1
1 51 2
1 51 3
1 52 0
1 52 1
1 52 2
1 52 3
1 53 0
1 53 1
1 53 2
1 53 3
1 54 0
1 54 1
1 54 2
1 54 3
1 55 0
1 55 1
1 55 2
1 55 3
1 56 0
1 56 1
1 56 2
1 56 3
1 57 0
1 57 1
1 57 2
1 57 3
1 58 0
1 58 1
1 58 2
1 58 3
1 59 0
1 59 1
1 59 2
1 59 3
1 60 0
1 60 1
1 60 2
1 60 3
1 61 0
1 61 1
1 61 2
1 61 3
1 62 1
1 62 2
1 62 3
1 62 4
1 63 1
1 63 2
1 63 3
1 63 4
1 64 1
1 64 2
1 64 3
1 64 4
1 65 1
1 65 2
1 65 3
1 65 4
1 66 1
1 66 2
1 66 3
1 66 4
1 67 1
1 67 2
1 67 3
1 67 4
1 68 2
1 68 3
1 68 4
1 69 2
1 69 3
1 69 4
1 70 2
1 70 3
1 70 4
1 71 2
1 71 3
1 71 4
1 72 2
1 72 3
1 72 4
1 72 5
1 73 2
1 73 3
1 73 4
1 73 5
1 74 2
1 74 3
1 74 4
1 74 5
1 75 2
1 75 3
1 75 4
1 75 5
1 76 2
1 76 3
1 76 4
1 76 5
1 77 2
1 77 3
1 77 4
1 77 5
1 78 3
1 78 4
1 78 5
1 79 3
1 79 4
1 79 5
1 80 3
1 80 4
1 80 5
1 81 3
1 81 4
1 81 5
1 81 6
1 82 3
1 82 4
1 82 5
1 82 6
1 83 3
1 83 4
1 83 5
1 83 6
1 84 3
1 84 4
1 84 5
1 84 6
1 85 3
1 85 4
1 85 5
1 85 6
1 86 4
1 86 5
1 86 6
1 86 7
1 87 4
1 87 5
1 87 6
1 87 7
1 88 4
1 88 5
1 88 6
1 88 7
1 89 4
1 89 5
1 89 6
1 89 7
1 90 4
1 90 5
1 90 6
1 90 7
1 91 4
1 91 5
1 91 6
1 91 7
1 91 8
1 92 4
1 92 5
1 92 6
1 92 7
1 92 8
1 93 4
1 93 5
1 93 6
1 93 7
1 93 8
1 94 5
1 94 6
1 94 7
1 94 8
1 95 5
1 95 6
1 95 7
1 95 8
1 96 5
1 96 6
1 96 7
1 96 8
1 96 9
1 97 5
1 97 6
1 97 7
1 97 8
1 97 9
1 98 5
1 98 6
1 98 7
1 98 8
1 98 9
1 99 5
1 99 6
1 99 7
1 99 8
1 99 9
1 100 6
1 100 7
1 100 8
1 100 9
1 100 10
1 100 11
1 101 6
1 101 7
1 101 8
1 101 9
1 101 10
1 101 11
1 102 6
1 102 7
1 102 8
1 102 9
1 102 10
1 102 11
1 102 12
1 103 6
1 103 7
1 103 8
1 103 9
1 103 10
1 103 11
1 103 12
1 104 6
1 104 7
1 104 8
1 104 9
1 104 10
1 104 11
1 104 12
1 105 6
1 105 7
1 105 8
1 105 9
1 105 10
1 105 11
1 105 12
1 106 7
1 106 8
1 106 9
1 106 10
1 106 11
1 106 12
1 106 13
1 107 7
1 107 8
1 107 9
1 107 10
1 107 11
1 107 12
1 107 13
1 107 14
1 108 7
1 108 8
1 108 9
1 108 10
1 108 11
1 108 12
1 108 13
1 108 14
1 109 7
1 109 8
1 109 9
1 109 10
1 109 11
1 109 12
1 109 13
1 109 14
1 110 7
1 110 8
1 110 9
1 110 10
1 110 11
1 110 12
1 110 13
1 110 14
1 111 7
1 111 8
1 111 9
1 111 10
1 111 11
1 111 12
1 111 13
1 111 14
1 112 7
1 112 8
1 112 9
1 112 10
1 112 11
1 112 12
1 112 13
1 112 14
1 112 15
1 113 7
1 113 8
1 113 9
1 113 10
1 113 11
1 113 12
1 113 13
1 113 14
1 113 15
1 114 8
1 114 9
1 114 10
1 114 11
1 114 12
1 114 13
1 114 14
1 114 15
1 115 9
1 115 10
1 115 11
1 115 12
1 115 13
1 115 14
1 115 15
1 116 9
1 116 10
1 116 11
1 116 12
1 116 13
1 116 14
1 116 15
1 116 16
1 117 10
1 117 11
1 117 12
1 117 13
1 117 14
1 117 15
1 117 16
1 117 17
1 118 10
1 118 11
1 118 12
1 118 13
1 118 14
1 118 15
1 118 16
1 118 17
1 119 10
1 119 11
1 119 12
1 119 13
1 119 14
1 119 15
1 119 16
1 119 17
1 120 10
1 120 11
1 120 12
1 120 13
1 120 14
1 120 15
1 120 16
1 120 17
1 121 11
1 121 12
1 121 13
1 121 14
1 121 15
1 121 16
1 121 17
1 122 12
1 122 13
1 122 14
1 122 15
1 122 16
1 122 17
1 123 12
1 123 13
1 123 14
1 123 15
1 123 16
1 123 17
1 123 18
1 124 13
1 124 14
1 124 15
1 124 16
1 124 17
1 124 18
1 125 13
1 125 14
1 125 15
1 125 16
1 125 17
1 125 18
1 126 13
1 126 14
1 126 15
1 126 16
1 126 17
1 126 18
1 127 13
1 127 14
1 127 15
1 127 16
1 127 17
1 127 18
1 128 13
1 128 14
1 128 15
1 128 16
1 128 17
1 128 18
1 128 19
1 129 13
1 129 14
1 129 15
1 129 16
1 129 17
1 129 18
1 129 19
1 130 13
1 130 14
1 130 15
1 130 16
1 130 17
1 130 18
1 130 19
1 131 14
1 131 15
1 131 16
1 131 17
1 131 18
1 131 19
1 131 20
1 132 14
1 132 15
1 132 16
1 132 17
1 132 18
1 132 19
1 132 20
1 133 15
1 133 16
1 133 17
1 133 18
1 133 19
1 133 20
1 134 16
1 134 17
1 134 18
1 134 19
1 134 20
1 135 16
1 135 17
1 135 18
1 135 19
1 135 20
1 135 21
1 136 16
1 136 17
1 136 18
1 136 19
1 136 20
1 136 21
1 137 16
1 137 17
1 137 18
1 137 19
1 137 20
1 137 21
1 138 16
1 138 17
1 138 18
1 138 19
1 138 20
1 138 21
1 139 16
1 139 17
1 139 18
1 139 19
1 139 20
1 139 21
1 140 17
1 140 18
1 140 19
1 140 20
1 140 21
1 141 17
1 141 18
1 141 19
1 141 20
1 141 21
1 141 22
1 142 17
1 142 18
1 142 19
1 142 20
1 142 21
1 142 22
1 143 17
1 143 18
1 143 19
1 143 20
1 143 21
1 143 22
1 144 18
1 144 19
1 144 20
1 144 21
1 144 22
1 145 18
1 145 19
1 145 20
1 145 21
1 145 22
1 145 23
1 146 19
1 146 20
1 146 21
1 146 22
1 146 23
1 147 19
1 147 20
1 147 21
1 147 22
1 147 23
1 148 19
1 148 20
1 148 21
1 148 22
1 148 23
1 149 19
1 149 20
1 149 21
1 149 22
1 149 23
1 149 24
1 150 20
1 150 21
1 150 22
1 150 23
1 150 24
1 151 20
1 151 21
1 151 22
1 151 23
1 151 24
1 152 20
1 152 21
1 152 22
1 152 23
1 152 24
1 153 20
1 153 21
1 153 22
1 153 23
1 153 24
1 154 20
1 154 21
1 154 22
1 154 23
1 154 24
1 155 20
1 155 21
1 155 22
1 155 23
1 155 24
1 155 25
1 156 21
1 156 22
1 156 23
1 156 24
1 156 25
1 157 21
1 157 22
1 157 23
1 157 24
1 157 25
1 158 21
1 158 22
1 158 23
1 158 24
1 158 25
1 159 22
1 159 23
1 159 24
1 159 25
1 160 22
1 160 23
1 160 24
1 160 25
1 160 26
1 161 22
1 161 23
1 161 24
1 161 25
1 161 26
1 162 22
1 162 23
1 162 24
1 162 25
1 162 26
1 163 22
1 163 23
1 163 24
1 163 25
1 163 26
1 164 23
1 164 24
1 164 25
1 164 26
1 164 27
1 165 23
1 165 24
1 165 25
1 165 26
1 165 27
1 166 23
1 166 24
1 166 25
1 166 26
1 166 27
1 167 23
1 167 24
1 167 25
1 167 26
1 167 27
1 168 24
1 168 25
1 168 26
1 168 27
1 169 24
1 169 25
1 169 26
1 169 27
1 170 24
1 170 25
1 170 26
1 170 27
1 170 28
1 171 24
1 171 25
1 171 26
1 171 27
1 171 28
1 172 24
1 172 25
1 172 26
1 172 27
1 172 28
1 173 25
1 173 26
1 173 27
1 173 28
1 174 25
1 174 26
1 174 27
1 174 28
1 174 29
1 175 25
1 175 26
1 175 27
1 175 28
1 175 29
1 176 25
1 176 26
1 176 27
1 176 28
1 176 29
1 177 25
1 177 26
1 177 27
1 177 28
1 177 29
1 178 25
1 178 26
1 178 27
1 178 28
1 178 29
1 179 25
1 179 26
1 179 27
1 179 28
1 179 29
1 180 26
1 180 27
1 180 28
1 180 29
1 180 30
1 181 26
1 181 27
1 181 28
1 181 29
1 181 30
1 182 26
1 182 27
1 182 28
1 182 29
1 182 30
1 183 26
1 183 27
1 183 28
1 183 29
1 183 30
1 184 27
1 184 28
1 184 29
1 184 30
1 185 27
1 185 28
1 185 29
1 185 30
1 186 27
1 186 28
1 186 29
1 186 30
1 186 31
1 187 27
1 187 28
1 187 29
1 187 30
1 187 31
1 188 27
1 188 28
1 188 29
1 188 30
1 188 31
1 189 27
1 189 28
1 189 29
1 189 30
1 189 31
1 190 28
1 190 29
1 190 30
1 190 31
1 191 28
1 191 29
1 191 30
1 191 31
1 192 28
1 192 29
1 192 30
1 192 31
1 192 32
1 193 29
1 193 30
1 193 31
1 193 32
1 194 29
1 194 30
1 194 31
1 194 32
1 195 29
1 195 30
1 195 31
1 195 32
1 196 29
1 196 30
1 196 31
1 196 32
1 196 33
1 197 29
1 197 30
1 197 31
1 197 32
1 197 33
1 198 29
1 198 30
1 198 31
1 198 32
1 198 33
1 199 29
1 199 30
1 199 31
1 199 32
1 199 33
1 200 30
1 200 31
1 200 32
1 200 33
1 201 30
1 201 31
1 201 32
1 201 33
1 202 30
1 202 31
1 202 32
1 202 33
1 203 30
1 203 31
1 203 32
1 203 33
1 203 34
1 204 30
1 204 31
1 204 32
1 204 33
1 204 34
1 205 31
1 205 32
1 205 33
1 205 34
1 206 31
1 206 32
1 206 33
1 206 34
1 207 31
1 207 32
1 207 33
1 207 34
1 208 31
1 208 32
1 208 33
1 208 34
1 208 35
1 209 31
1 209 32
1 209 33
1 209 34
1 209 35
1 210 32
1 210 33
1 210 34
1 210 35
1 211 32
1 211 33
1 211 34
1 211 35
1 212 32
1 212 33
1 212 34
1 212 35
1 213 32
1 213 33
1 213 34
1 213 35
1 213 36
1 214 32
1 214 33
1 214 34
1 214 35
1 214 36
1 215 33
1 215 34
1 215 35
1 215 36
1 216 33
1 216 34
1 216 35
1 216 36
1 217 33
1 217 34
1 217 35
1 217 36
1 218 33
1 218 34
1 218 35
1 218 36
1 218 37
1 219 33
1 219 34
1 219 35
1 219 36
1 219 37
1 220 33
1 220 34
1 220 35
1 220 36
1 220 37
1 221 34
1 221 35
1 221 36
1 221 37
1 222 34
1 222 35
1 222 36
1 222 37
1 223 34
1 223 35
1 223 36
1 223 37
1 224 34
1 224 35
1 224 36
1 224 37
1 225 34
1 225 35
1 225 36
1 225 37
1 225 38
1 226 34
1 226 35
1 226 36
1 226 37
1 226 38
1 227 35
1 227 36
1 227 37
1 227 38
1 228 35
1 228 36
1 228 37
1 228 38
1 229 35
1 229 36
1 229 37
1 229 38
1 230 35
1 230 36
1 230 37
1 230 38
1 230 39
1 231 35
1 231 36
1 231 37
1 231 38
1 231 39
1 232 35
1 232 36
1 232 37
1 232 38
1 232 39
1 233 36
1 233 37
1 233 38
1 233 39
1 234 36
1 234 37
1 234 38
1 234 39
1 235 36
1 235 37
1 235 38
1 235 39
1 236 36
1 236 37
1 236 38
1 236 39
1 236 40
1 237 36
1 237 37
1 237 38
1 237 39
1 237 40
1 238 37
1 238 38
1 238 39
1 238 40
1 239 37
1 239 38
1 239 39
1 239 40
1 240 37
1 240 38
1 240 39
1 240 40
1 241 37
1 241 38
1 241 39
1 241 40
1 242 37
1 242 38
1 242 39
1 242 40
1 242 41
1 243 38
1 243 39
1 243 40
1 243 41
1 244 38
1 244 39
1 244 40
1 244 41
1 245 38
1 245 39
1 245 40
1 245 41
1 246 38
1 246 39
1 246 40
1 246 41
1 247 39
1 247 40
1 247 41
1 247 42
1 248 39
1 248 40
1 248 41
1 248 42
1 249 39
1 249 40
1 249 41
1 249 42
1 250 39
1 250 40
1 250 41
1 250 42
1 251 39
1 251 40
1 251 41
1 251 42
1 252 39
1 252 40
1 252 41
1 252 42
1 252 43
1 253 39
1 253 40
1 253 41
1 253 42
1 253 43
1 254 39
1 254 40
1 254 41
1 254 42
1 254 43
1 255 39
1 255 40
1 255 41
1 255 42
1 255 43
1 256 40
1 256 41
1 256 42
1 256 43
1 257 40
1 257 41
1 257 42
1 257 43
1 258 40
1 258 41
1 258 42
1 258 43
1 259 41
1 259 42
1 259 43
1 259 44
1 260 41
1 260 42
1 260 43
1 260 44
1 261 41
1 261 42
1 261 43
1 261 44
1 262 41
1 262 42
1 262 43
1 262 44
1 263 41
1 263 42
1 263 43
1 263 44
1 263 45
1 264 41
1 264 42
1 264 43
1 264 44
1 264 45
1 265 41
1 265 42
1 265 43
1 265 44
1 265 45
1 266 42
1 266 43
1 266 44
1 266 45
1 267 42
1 267 43
1 267 44
1 267 45
1 268 42
1 268 43
1 268 44
1 268 45
1 269 42
1 269 43
1 269 44
1 269 45
1 270 42
1 270 43
1 270 44
1 270 45
1 270 46
1 271 42
1 271 43
1 271 44
1 271 45
1 271 46
1 272 43
1 272 44
1 272 45
1 272 46
1 273 43
1 273 44
1 273 45
1 273 46
1 274 43
1 274 44
1 274 45
1 274 46
1 275 44
1 275 45
1 275 46
1 276 44
1 276 45
1 276 46
1 277 44
1 277 45
1 277 46
1 278 44
1 278 45
1 278 46
1 278 47
1 279 44
1 279 45
1 279 46
1 279 47
1 280 44
1 280 45
1 280 46
1 280 47
1 281 44
1 281 45
1 281 46
1 281 47
1 282 45
1 282 46
1 282 47
1 282 48
1 283 45
1 283 46
1 283 47
1 283 48
1 284 45
1 284 46
1 284 47
1 284 48
1 285 45
1 285 46
1 285 47
1 285 48
1 286 45
1 286 46
1 286 47
1 286 48
1 287 45
1 287 46
1 287 47
1 287 48
1 288 45
1 288 46
1 288 47
1 288 48
1 288 49
1 289 45
1 289 46
1 289 47
1 289 48
1 289 49
1 290 45
1 290 46
1 290 47
1 290 48
1 290 49
1 291 45
1 291 46
1 291 47
1 291 48
1 291 49
1 292 46
1 292 47
1 292 48
1 292 49
1 293 46
1 293 47
1 293 48
1 293 49
1 294 47
1 294 48
1 294 49
1 295 47
1 295 48
1 295 49
1 296 47
1 296 48
1 296 49
1 297 48
1 297 49
1 297 50
1 298 48
1 298 49
1 298 50
1 299 48
1 299 49
1 299 50
1 300 48
1 300 49
1 300 50
1 300 51
1 301 48
1 301 49
1 301 50
1 301 51
1 302 48
1 302 49
1 302 50
1 302 51
1 303 48
1 303 49
1 303 50
1 303 51
1 304 48
1 304 49
1 304 50
1 304 51
1 305 48
1 305 49
1 305 50
1 305 51
1 306 48
1 306 49
1 306 50
1 306 51
1 307 48
1 307 49
1 307 50
1 307 51
1 307 52
1 308 49
1 308 50
1 308 51
1 308 52
1 309 49
1 309 50
1 309 51
1 309 52
1 310 49
1 310 50
1 310 51
1 310 52
1 311 49
1 311 50
1 311 51
1 311 52
1 312 50
1 312 51
1 312 52
1 313 50
1 313 51
1 313 52
1 314 50
1 314 51
1 314 52
1 314 53
1 315 50
1 315 51
1 315 52
1 315 53
1 316 51
1 316 52
1 316 53
1 317 51
1 317 52
1 317 53
1 318 51
1 318 52
1 318 53
1 319 51
1 319 52
1 319 53
1 320 51
1 320 52
1 320 53
1 321 52
1 321 53
1 322 52
1 322 53
1 323 52
1 323 53
1 324 52
1 324 53
1 325 52
1 325 53
1 326 52
1 326 53
1 327 52
1 327 53
1 328 52
1 328 53
2 339 28
2 339 29
2 339 30
2 340 28
2 340 29
2 340 30
2 341 28
2 341 29
2 341 30
2 342 28
2 342 29
2 342 30
2 343 29
2 343 30
2 344 29
2 344 30
2 344 31
2 345 29
2 345 30
2 345 31
2 346 29
2 346 30
2 346 31
2 347 29
2 347 30
2 347 31
2 348 29
2 348 30
2 348 31
2 349 29
2 349 30
2 349 31
2 350 30
2 350 31
2 351 30
2 351 31
2 351 32
2 352 30
2 352 31
2 352 32
2 353 30
2 353 31
2 353 32
2 354 30
2 354 31
2 354 32
2 355 30
2 355 31
2 355 32
2 356 30
2 356 31
2 356 32
2 357 30
2 357 31
2 357 32
2 357 33
2 358 30
2 358 31
2 358 32
2 358 33
2 359 31
2 359 32
2 359 33
2 360 31
2 360 32
2 360 33
2 361 31
2 361 32
2 361 33
2 361 34
2 362 31
2 362 32
2 362 33
2 362 34
2 363 31
2 363 32
2 363 33
2 363 34
2 364 31
2 364 32
2 364 33
2 364 34
2 365 31
2 365 32
2 365 33
2 365 34
2 366 31
2 366 32
2 366 33
2 366 34
2 367 31
2 367 32
2 367 33
2 367 34
2 368 32
2 368 33
2 368 34
2 368 35
2 369 32
2 369 33
2 369 34
2 369 35
2 370 32
2 370 33
2 370 34
2 370 35
2 371 33
2 371 34
2 371 35
2 372 33
2 372 34
2 372 35
2 373 33
2 373 34
2 373 35
2 374 33
2 374 34
2 374 35
2 375 33
2 375 34
2 375 35
2 376 33
2 376 34
2 376 35
2 376 36
2 377 33
2 377 34
2 377 35
2 377 36
2 378 34
2 378 35
2 378 36
2 379 34
2 379 35
2 379 36
2 380 34
2 380 35
2 380 36
2 381 34
2 381 35
2 381 36
2 381 37
2 382 34
2 382 35
2 382 36
2 382 37
2 383 34
2 383 35
2 383 36
2 383 37
2 384 34
2 384 35
2 384 36
2 384 37
2 385 35
2 385 36
2 385 37
2 385 38
2 386 35
2 386 36
2 386 37
2 386 38
2 387 35
2 387 36
2 387 37
2 387 38
2 388 35
2 388 36
2 388 37
2 388 38
2 389 35
2 389 36
2 389 37
2 389 38
2 390 35
2 390 36
2 390 37
2 390 38
2 391 35
2 391 36
2 391 37
2 391 38
2 391 39
2 392 36
2 392 37
2 392 38
2 392 39
2 393 36
2 393 37
2 393 38
2 393 39
2 394 36
2 394 37
2 394 38
2 394 39
2 395 36
2 395 37
2 395 38
2 395 39
2 396 36
2 396 37
2 396 38
2 396 39
2 397 36
2 397 37
2 397 38
2 397 39
2 397 40
2 398 37
2 398 38
2 398 39
2 398 40
2 399 37
2 399 38
2 399 39
2 399 40
2 400 37
2 400 38
2 400 39
2 400 40
2 401 37
2 401 38
2 401 39
2 401 40
2 402 37
2 402 38
2 402 39
2 402 40
2 403 37
2 403 38
2 403 39
2 403 40
2 403 41
2 404 37
2 404 38
2 404 39
2 404 40
2 404 41
2 405 38
2 405 39
2 405 40
2 405 41
2 406 38
2 406 39
2 406 40
2 406 41
2 407 38
2 407 39
2 407 40
2 407 41
2 408 38
2 408 39
2 408 40
2 408 41
2 408 42
2 409 39
2 409 40
2 409 41
2 409 42
2 410 39
2 410 40
2 410 41
2 410 42
2 411 39
2 411 40
2 411 41
2 411 42
2 412 39
2 412 40
2 412 41
2 412 42
2 413 39
2 413 40
2 413 41
2 413 42
2 413 43
2 414 39
2 414 40
2 414 41
2 414 42
2 414 43
2 415 40
2 415 41
2 415 42
2 415 43
2 416 40
2 416 41
2 416 42
2 416 43
2 417 40
2 417 41
2 417 42
2 417 43
2 418 40
2 418 41
2 418 42
2 418 43
2 419 40
2 419 41
2 419 42
2 419 43
2 419 44
2 420 40
2 420 41
2 420 42
2 420 43
2 420 44
2 421 41
2 421 42
2 421 43
2 421 44
2 422 41
2 422 42
2 422 43
2 422 44
2 423 41
2 423 42
2 423 43
2 423 44
2 424 41
2 424 42
2 424 43
2 424 44
2 424 45
2 425 41
2 425 42
2 425 43
2 425 44
2 425 45
2 426 42
2 426 43
2 426 44
2 426 45
2 427 42
2 427 43
2 427 44
2 427 45
2 427 46
2 428 42
2 428 43
2 428 44
2 428 45
2 428 46
2 429 42
2 429 43
2 429 44
2 429 45
2 429 46
2 430 42
2 430 43
2 430 44
2 430 45
2 430 46
2 431 43
2 431 44
2 431 45
2 431 46
2 431 47
2 432 43
2 432 44
2 432 45
2 432 46
2 432 47
2 433 43
2 433 44
2 433 45
2 433 46
2 433 47
2 434 43
2 434 44
2 434 45
2 434 46
2 434 47
2 435 43
2 435 44
2 435 45
2 435 46
2 435 47
2 436 43
2 436 44
2 436 45
2 436 46
2 436 47
2 437 43
2 437 44
2 437 45
2 437 46
2 437 47
2 438 44
2 438 45
2 438 46
2 438 47
2 438 48
2 439 44
2 439 45
2 439 46
2 439 47
2 439 48
2 440 44
2 440 45
2 440 46
2 440 47
2 440 48
2 441 44
2 441 45
2 441 46
2 441 47
2 441 48
2 442 45
2 442 46
2 442 47
2 442 48
2 443 45
2 443 46
2 443 47
2 443 48
2 443 49
2 444 45
2 444 46
2 444 47
2 444 48
2 444 49
2 445 45
2 445 46
2 445 47
2 445 48
2 445 49
2 446 45
2 446 46
2 446 47
2 446 48
2 446 49
2 447 46
2 447 47
2 447 48
2 447 49
2 448 46
2 448 47
2 448 48
2 448 49
2 449 46
2 449 47
2 449 48
2 449 49
2 449 50
2 450 46
2 450 47
2 450 48
2 450 49
2 450 50
2 451 46
2 451 47
2 451 48
2 451 49
2 451 50
2 452 46
2 452 47
2 452 48
2 452 49
2 452 50
2 453 47
2 453 48
2 453 49
2 453 50
2 454 47
2 454 48
2 454 49
2 454 50
2 454 51
2 455 48
2 455 49
2 455 50
2 455 51
2 456 48
2 456 49
2 456 50
2 456 51
2 457 48
2 457 49
2 457 50
2 457 51
2 458 48
2 458 49
2 458 50
2 458 51
2 459 48
2 459 49
2 459 50
2 459 51
2 459 52
2 460 48
2 460 49
2 460 50
2 460 51
2 460 52
2 461 49
2 461 50
2 461 51
2 461 52
2 462 49
2 462 50
2 462 51
2 462 52
2 463 49
2 463 50
2 463 51
2 463 52
2 464 50
2 464 51
2 464 52
2 464 53
2 465 50
2 465 51
2 465 52
2 465 53
2 466 50
2 466 51
2 466 52
2 466 53
2 467 50
2 467 51
2 467 52
2 467 53
2 468 50
2 468 51
2 468 52
2 468 53
2 468 54
2 469 50
2 469 51
2 469 52
2 469 53
2 469 54
2 470 50
2 470 51
2 470 52
2 470 53
2 470 54
2 471 51
2 471 52
2 471 53
2 471 54
2 472 51
2 472 52
2 472 53
2 472 54
2 473 51
2 473 52
2 473 53
2 473 54
2 474 51
2 474 52
2 474 53
2 474 54
2 475 51
2 475 52
2 475 53
2 475 54
2 475 55
2 476 52
2 476 53
2 476 54
2 476 55
2 477 52
2 477 53
2 477 54
2 477 55
2 478 52
2 478 53
2 478 54
2 478 55
2 479 53
2 479 54
2 479 55
2 480 53
2 480 54
2 480 55
2 480 56
2 480 57
2 481 53
2 481 54
2 481 55
2 481 56
2 481 57
2 482 53
2 482 54
2 482 55
2 482 56
2 482 57
2 483 53
2 483 54
2 483 55
2 483 56
2 483 57
2 484 53
2 484 54
2 484 55
2 484 56
2 484 57
2 485 53
2 485 54
2 485 55
2 485 56
2 485 57
2 486 53
2 486 54
2 486 55
2 486 56
2 486 57
2 487 54
2 487 55
2 487 56
2 487 57
2 488 54
2 488 55
2 488 56
2 488 57
2 489 54
2 489 55
2 489 56
2 489 57
2 490 54
2 490 55
2 490 56
2 490 57
2 490 58
2 491 55
2 491 56
2 491 57
2 491 58
2 492 55
2 492 56
2 492 57
2 492 58
2 493 55
2 493 56
2 493 57
2 493 58
2 494 56
2 494 57
2 494 58
2 495 56
2 495 57
2 495 58
2 495 59
2 496 56
2 496 57
2 496 58
2 496 59
2 497 56
2 497 57
2 497 58
2 497 59
2 498 56
2 498 57
2 498 58
2 498 59
2 498 60
2 499 56
2 499 57
2 499 58
2 499 59
2 499 60
2 500 56
2 500 57
2 500 58
2 500 59
2 500 60
2 501 56
2 501 57
2 501 58
2 501 59
2 501 60
2 502 57
2 502 58
2 502 59
2 502 60
2 503 57
2 503 58
2 503 59
2 503 60
2 504 57
2 504 58
2 504 59
2 504 60
2 504 61
2 505 57
2 505 58
2 505 59
2 505 60
2 505 61
2 506 58
2 506 59
2 506 60
2 506 61
2 507 58
2 507 59
2 507 60
2 507 61
2 508 58
2 508 59
2 508 60
2 508 61
2 509 58
2 509 59
2 509 60
2 509 61
2 509 62
2 510 58
2 510 59
2 510 60
2 510 61
2 510 62
2 511 58
2 511 59
2 511 60
2 511 61
2 511 62
2 512 58
2 512 59
2 512 60
2 512 61
2 512 62
2 513 59
2 513 60
2 513 61
2 513 62
2 514 59
2 514 60
2 514 61
2 514 62
2 515 59
2 515 60
2 515 61
2 515 62
2 515 63
2 516 60
2 516 61
2 516 62
2 516 63
2 517 60
2 517 61
2 517 62
2 517 63
2 518 60
2 518 61
2 518 62
2 518 63
2 519 60
2 519 61
2 519 62
2 519 63
2 520 60
2 520 61
2 520 62
2 520 63
2 521 61
2 521 62
2 521 63
2 521 64
2 522 61
2 522 62
2 522 63
2 522 64
2 523 61
2 523 62
2 523 63
2 523 64
2 524 61
2 524 62
2 524 63
2 524 64
2 524 65
2 525 61
2 525 62
2 525 63
2 525 64
2 525 65
2 526 61
2 526 62
2 526 63
2 526 64
2 526 65
2 527 62
2 527 63
2 527 64
2 527 65
2 528 62
2 528 63
2 528 64
2 528 65
2 529 62
2 529 63
2 529 64
2 529 65
2 530 62
2 530 63
2 530 64
2 530 65
2 530 66
2 531 62
2 531 63
2 531 64
2 531 65
2 531 66
2 532 62
2 532 63
2 532 64
2 532 65
2 532 66
2 533 62
2 533 63
2 533 64
2 533 65
2 533 66
2 534 62
2 534 63
2 534 64
2 534 65
2 534 66
2 535 62
2 535 63
2 535 64
2 535 65
2 535 66
2 536 63
2 536 64
2 536 65
2 536 66
2 537 64
2 537 65
2 537 66
2 538 64
2 538 65
2 538 66
2 539 64
2 539 65
2 539 66
2 540 64
2 540 65
2 540 66
2 540 67
2 541 65
2 541 66
2 541 67
2 542 65
2 542 66
2 542 67
2 543 65
2 543 66
2 543 67
2 543 68
2 544 65
2 544 66
2 544 67
2 544 68
2 544 69
2 545 65
2 545 66
2 545 67
2 545 68
2 545 69
2 546 65
2 546 66
2 546 67
2 546 68
2 546 69
2 547 65
2 547 66
2 547 67
2 547 68
2 547 69
2 548 65
2 548 66
2 548 67
2 548 68
2 548 69
2 549 66
2 549 67
2 549 68
2 549 69
2 550 66
2 550 67
2 550 68
2 550 69
2 551 66
2 551 67
2 551 68
2 551 69
2 552 66
2 552 67
2 552 68
2 552 69
2 553 66
2 553 67
2 553 68
2 553 69
2 554 66
2 554 67
2 554 68
2 554 69
2 554 70
2 555 66
2 555 67
2 555 68
2 555 69
2 555 70
2 556 67
2 556 68
2 556 69
2 556 70
2 557 67
2 557 68
2 557 69
2 557 70
2 558 67
2 558 68
2 558 69
2 558 70
2 559 67
2 559 68
2 559 69
2 559 70
2 559 71
2 560 68
2 560 69
2 560 70
2 560 71
2 561 68
2 561 69
2 561 70
2 561 71
2 562 68
2 562 69
2 562 70
2 562 71
2 563 68
2 563 69
2 563 70
2 563 71
2 564 69
2 564 70
2 564 71
2 565 69
2 565 70
2 565 71
2 566 69
2 566 70
2 566 71
2 566 72
2 567 69
2 567 70
2 567 71
2 567 72
2 568 69
2 568 70
2 568 71
2 568 72
2 569 69
2 569 70
2 569 71
2 569 72
2 570 69
2 570 70
2 570 71
2 570 72
2 571 69
2 571 70
2 571 71
2 571 72
2 572 70
2 572 71
2 572 72
2 573 70
2 573 71
2 573 72
2 574 70
2 574 71
2 574 72
2 574 73
2 575 70
2 575 71
2 575 72
2 575 73
2 576 70
2 576 71
2 576 72
2 576 73
2 576 74
2 577 70
2 577 71
2 577 72
2 577 73
2 577 74
2 578 70
2 578 71
2 578 72
2 578 73
2 578 74
2 579 71
2 579 72
2 579 73
2 579 74
2 580 71
2 580 72
2 580 73
2 580 74
2 581 71
2 581 72
2 581 73
2 581 74
2 582 72
2 582 73
2 582 74
2 583 73
2 583 74
2 583 75
2 584 73
2 584 74
2 584 75
2 585 73
2 585 74
2 585 75
2 586 73
2 586 74
2 586 75
2 587 73
2 587 74
2 587 75
2 588 73
2 588 74
2 588 75
2 589 73
2 589 74
2 589 75
2 590 73
2 590 74
2 590 75
2 590 76
2 591 73
2 591 74
2 591 75
2 591 76
2 592 73
2 592 74
2 592 75
2 592 76
2 593 74
2 593 75
2 593 76
2 594 74
2 594 75
2 594 76
2 594 77
2 595 74
2 595 75
2 595 76
2 595 77
2 596 74
2 596 75
2 596 76
2 596 77
2 597 74
2 597 75
2 597 76
2 597 77
2 598 75
2 598 76
2 598 77
2 599 75
2 599 76
2 599 77
2 600 75
2 600 76
2 600 77
2 601 75
2 601 76
2 601 77
2 602 75
2 602 76
2 602 77
2 602 78
2 603 76
2 603 77
2 603 78
2 604 76
2 604 77
2 604 78
2 605 76
2 605 77
2 605 78
2 606 76
2 606 77
2 606 78
2 607 76
2 607 77
2 607 78
2 608 76
2 608 77
2 608 78
2 609 77
2 609 78
2 610 77
2 610 78
2 610 79
2 611 77
2 611 78
2 611 79
2 612 77
2 612 78
2 612 79
2 612 80
2 613 77
2 613 78
2 613 79
2 613 80
2 614 77
2 614 78
2 614 79
2 614 80
2 615 77
2 615 78
2 615 79
2 615 80
2 616 77
2 616 78
2 616 79
2 616 80
2 617 77
2 617 78
2 617 79
2 617 80
2 617 81
2 618 77
2 618 78
2 618 79
2 618 80
2 618 81
2 619 77
2 619 78
2 619 79
2 619 80
2 619 81
2 620 78
2 620 79
2 620 80
2 620 81
2 621 78
2 621 79
2 621 80
2 621 81
2 622 78
2 622 79
2 622 80
2 622 81
2 623 78
2 623 79
2 623 80
2 623 81
2 624 78
2 624 79
2 624 80
2 624 81
2 625 80
2 625 81
2 626 80
2 626 81
2 627 80
2 627 81
2 628 80
2 628 81
2 629 80
2 629 81
2 630 80
2 630 81
2 631 80
2 631 81
2 631 82
2 631 83
2 632 80
2 632 81
2 632 82
2 632 83
2 632 84
2 633 80
2 633 81
2 633 82
2 633 83
2 633 84
2 634 80
2 634 81
2 634 82
2 634 83
2 634 84
2 635 80
2 635 81
2 635 82
2 635 83
2 635 84
2 636 80
2 636 81
2 636 82
2 636 83
2 636 84
2 637 80
2 637 81
2 637 82
2 637 83
2 637 84
2 638 80
2 638 81
2 638 82
2 638 83
2 638 84
2 639 80
2 639 81
2 639 82
2 639 83
2 639 84
2 640 81
2 640 82
2 640 83
2 640 84
2 641 82
2 641 83
2 641 84
2 642 82
2 642 83
2 642 84
2 643 83
2 643 84
2 643 85
2 644 83
2 644 84
2 644 85
2 645 83
2 645 84
2 645 85
2 646 83
2 646 84
2 646 85
2 647 83
2 647 84
2 647 85
2 647 86
2 648 83
2 648 84
2 648 85
2 648 86
2 649 83
2 649 84
2 649 85
2 649 86
2 650 83
2 650 84
2 650 85
2 650 86
2 651 83
2 651 84
2 651 85
2 651 86
2 652 84
2 652 85
2 652 86
2 653 84
2 653 85
2 653 86
2 654 84
2 654 85
2 654 86
2 655 85
2 655 86
2 656 85
2 656 86
2 657 85
2 657 86
2 658 84
2 658 85
2 658 86
2 659 84
2 659 85
2 659 86
2 660 84
2 660 85
2 661 84
2 661 85
2 662 84
2 662 85
2 663 84
2 663 85
2 664 84
2 664 85
2 665 84
2 665 85
2 666 84
2 666 85
2 667 84
2 667 85
3 523 48
3 523 49
3 524 48
3 524 49
3 525 48
3 525 49
3 526 48
3 526 49
3 527 48
3 527 49
3 528 48
3 528 49
3 529 48
3 529 49
3 529 50
3 530 49
3 530 50
3 531 49
3 531 50
3 532 49
3 532 50
3 533 49
3 533 50
3 534 49
3 534 50
3 535 49
3 535 50
3 535 51
3 536 49
3 536 50
3 536 51
3 537 49
3 537 50
3 537 51
3 538 49
3 538 50
3 538 51
3 539 49
3 539 50
3 539 51
3 540 49
3 540 50
3 540 51
3 540 52
3 541 50
3 541 51
3 541 52
3 542 50
3 542 51
3 542 52
3 543 50
3 543 51
3 543 52
3 544 50
3 544 51
3 544 52
3 545 50
3 545 51
3 545 52
3 545 53
3 546 50
3 546 51
3 546 52
3 546 53
3 547 50
3 547 51
3 547 52
3 547 53
3 548 50
3 548 51
3 548 52
3 548 53
3 549 51
3 549 52
3 549 53
3 550 51
3 550 52
3 550 53
3 551 51
3 551 52
3 551 53
3 552 51
3 552 52
3 552 53
3 552 54
3 553 51
3 553 52
3 553 53
3 553 54
3 554 51
3 554 52
3 554 53
3 554 54
3 555 52
3 555 53
3 555 54
3 556 52
3 556 53
3 556 54
3 557 52
3 557 53
3 557 54
3 558 52
3 558 53
3 558 54
3 558 55
3 559 52
3 559 53
3 559 54
3 559 55
3 560 53
3 560 54
3 560 55
3 561 53
3 561 54
3 561 55
3 562 53
3 562 54
3 562 55
3 563 53
3 563 54
3 563 55
3 563 56
3 564 53
3 564 54
3 564 55
3 564 56
3 565 53
3 565 54
3 565 55
3 565 56
3 566 53
3 566 54
3 566 55
3 566 56
3 567 54
3 567 55
3 567 56
3 568 54
3 568 55
3 568 56
3 569 54
3 569 55
3 569 56
3 569 57
3 570 54
3 570 55
3 570 56
3 570 57
3 571 54
3 571 55
3 571 56
3 571 57
3 572 55
3 572 56
3 572 57
3 573 55
3 573 56
3 573 57
3 573 58
3 574 55
3 574 56
3 574 57
3 574 58
3 575 55
3 575 56
3 575 57
3 575 58
3 576 55
3 576 56
3 576 57
3 576 58
3 577 55
3 577 56
3 577 57
3 577 58
3 578 55
3 578 56
3 578 57
3 578 58
3 579 56
3 579 57
3 579 58
3 580 56
3 580 57
3 580 58
3 580 59
3 581 57
3 581 58
3 581 59
3 582 57
3 582 58
3 582 59
3 583 57
3 583 58
3 583 59
3 584 57
3 584 58
3 584 59
3 584 60
3 585 57
3 585 58
3 585 59
3 585 60
3 586 57
3 586 58
3 586 59
3 586 60
3 587 58
3 587 59
3 587 60
3 588 58
3 588 59
3 588 60
3 589 58
3 589 59
3 589 60
3 589 61
3 590 58
3 590 59
3 590 60
3 590 61
3 591 58
3 591 59
3 591 60
3 591 61
3 592 58
3 592 59
3 592 60
3 592 61
3 592 62
3 593 58
3 593 59
3 593 60
3 593 61
3 593 62
3 594 58
3 594 59
3 594 60
3 594 61
3 594 62
3 595 58
3 595 59
3 595 60
3 595 61
3 595 62
3 596 58
3 596 59
3 596 60
3 596 61
3 596 62
3 597 58
3 597 59
3 597 60
3 597 61
3 597 62
3 598 58
3 598 59
3 598 60
3 598 61
3 598 62
3 599 58
3 599 59
3 599 60
3 599 61
3 599 62
3 599 65
3 600 59
3 600 60
3 600 61
3 600 62
3 600 65
3 601 60
3 601 61
3 601 62
3 601 63
3 601 65
3 602 61
3 602 62
3 602 63
3 602 65
3 603 61
3 603 62
3 603 63
3 603 65
3 604 61
3 604 62
3 604 63
3 604 65
3 605 61
3 605 62
3 605 63
3 605 64
3 605 65
3 606 61
3 606 62
3 606 63
3 606 64
3 606 65
3 607 61
3 607 62
3 607 63
3 607 64
3 607 65
3 608 61
3 608 62
3 608 63
3 608 64
3 608 65
3 609 61
3 609 62
3 609 63
3 609 64
3 609 65
3 610 61
3 610 62
3 610 63
3 610 64
3 610 65
3 611 61
3 611 62
3 611 63
3 611 64
3 611 65
3 612 61
3 612 62
3 612 63
3 612 64
3 612 65
3 613 61
3 613 62
3 613 63
3 613 64
3 613 65
3 614 62
3 614 63
3 614 64
3 614 65
3 614 66
3 615 62
3 615 63
3 615 64
3 615 65
3 615 66
3 616 63
3 616 64
3 616 65
3 616 66
3 617 63
3 617 64
3 617 65
3 617 66
3 618 64
3 618 65
3 618 66
3 618 67
3 619 64
3 619 65
3 619 66
3 619 67
3 620 64
3 620 65
3 620 66
3 620 67
3 621 64
3 621 65
3 621 66
3 621 67
3 621 68
3 622 64
3 622 65
3 622 66
3 622 67
3 622 68
3 623 64
3 623 65
3 623 66
3 623 67
3 623 68
3 624 64
3 624 65
3 624 66
3 624 67
3 624 68
3 625 64
3 625 65
3 625 66
3 625 67
3 625 68
3 626 64
3 626 65
3 626 66
3 626 67
3 626 68
3 627 64
3 627 65
3 627 66
3 627 67
3 627 68
3 628 64
3 628 65
3 628 66
3 628 67
3 628 68
3 629 64
3 629 65
3 629 66
3 629 67
3 629 68
3 630 65
3 630 66
3 630 67
3 630 68
3 631 66
3 631 67
3 631 68
3 632 66
3 632 67
3 632 68
3 632 69
3 633 66
3 633 67
3 633 68
3 633 69
3 633 70
3 634 66
3 634 67
3 634 68
3 634 69
3 634 70
3 635 67
3 635 68
3 635 69
3 635 70
3 636 67
3 636 68
3 636 69
3 636 70
3 637 67
3 637 68
3 637 69
3 637 70
3 638 67
3 638 68
3 638 69
3 638 70
3 638 71
3 639 67
3 639 68
3 639 69
3 639 70
3 639 71
3 640 67
3 640 68
3 640 69
3 640 70
3 640 71
3 641 67
3 641 68
3 641 69
3 641 70
3 641 71
3 642 67
3 642 68
3 642 69
3 642 70
3 642 71
3 643 68
3 643 69
3 643 70
3 643 71
3 644 68
3 644 69
3 644 70
3 644 71
3 645 68
3 645 69
3 645 70
3 645 71
3 645 72
3 646 68
3 646 69
3 646 70
3 646 71
3 646 72
3 647 68
3 647 69
3 647 70
3 647 71
3 647 72
3 648 69
3 648 70
3 648 71
3 648 72
3 649 69
3 649 70
3 649 71
3 649 72
3 650 69
3 650 70
3 650 71
3 650 72
3 651 70
3 651 71
3 651 72
3 651 73
3 652 70
3 652 71
3 652 72
3 652 73
3 653 70
3 653 71
3 653 72
3 653 73
3 654 70
3 654 71
3 654 72
3 654 73
3 655 70
3 655 71
3 655 72
3 655 73
3 655 75
3 656 71
3 656 72
3 656 73
3 656 74
3 656 75
3 657 71
3 657 72
3 657 73
3 657 74
3 657 75
3 658 71
3 658 72
3 658 73
3 658 74
3 658 75
3 659 71
3 659 72
3 659 73
3 659 74
3 659 75
3 660 71
3 660 72
3 660 73
3 660 74
3 660 75
3 661 71
3 661 72
3 661 73
3 661 74
3 661 75
3 662 71
3 662 72
3 662 73
3 662 74
3 662 75
3 663 71
3 663 72
3 663 73
3 663 74
3 663 75
3 664 71
3 664 72
3 664 73
3 664 74
3 664 75
3 665 71
3 665 73
3 665 74
3 665 75
3 666 71
3 666 73
3 666 74
3 666 75
3 667 71
3 667 73
3 667 74
3 667 75
3 668 71
3 668 74
3 668 75
3 669 71
3 669 74
3 669 75
3 669 76
3 670 74
3 670 75
3 670 76
3 671 74
3 671 75
3 671 76
3 671 77
3 672 74
3 672 75
3 672 76
3 672 77
3 673 74
3 673 75
3 673 76
3 673 77
3 674 74
3 674 75
3 674 76
3 674 77
3 675 74
3 675 75
3 675 76
3 675 77
3 676 74
3 676 75
3 676 76
3 676 77
3 677 75
3 677 76
3 677 77
3 678 75
3 678 76
3 678 77
3 678 78
3 679 75
3 679 76
3 679 77
3 679 78
3 680 76
3 680 77
3 680 78
3 681 76
3 681 77
3 681 78
3 682 76
3 682 77
3 682 78
3 683 76
3 683 77
3 683 78
3 684 76
3 684 77
3 684 78
3 684 79
3 685 76
3 685 77
3 685 78
3 685 79
3 686 76
3 686 77
3 686 78
3 686 79
3 687 76
3 687 77
3 687 78
3 687 79
3 687 80
3 688 77
3 688 78
3 688 79
3 688 80
3 689 77
3 689 78
3 689 79
3 689 80
3 690 77
3 690 78
3 690 79
3 690 80
3 691 77
3 691 78
3 691 79
3 691 80
3 692 77
3 692 78
3 692 79
3 692 80
3 692 81
3 693 77
3 693 78
3 693 79
3 693 80
3 693 81
3 694 77
3 694 78
3 694 79
3 694 80
3 694 81
3 695 78
3 695 79
3 695 80
3 695 81
3 696 78
3 696 79
3 696 80
3 696 81
3 697 78
3 697 79
3 697 80
3 697 81
3 697 82
3 698 78
3 698 79
3 698 80
3 698 81
3 698 82
3 699 79
3 699 80
3 699 81
3 699 82
3 700 79
3 700 80
3 700 81
3 700 82
3 701 79
3 701 80
3 701 81
3 701 82
3 702 79
3 702 80
3 702 81
3 702 82
3 703 80
3 703 81
3 703 82
3 704 80
3 704 81
3 704 82
3 704 83
3 705 80
3 705 81
3 705 82
3 705 83
3 706 80
3 706 81
3 706 82
3 706 83
3 707 81
3 707 82
3 707 83
3 708 81
3 708 82
3 708 83
3 709 81
3 709 82
3 709 83
3 710 81
3 710 82
3 710 83
3 710 84
3 711 81
3 711 82
3 711 83
3 711 84
3 712 81
3 712 82
3 712 83
3 712 84
3 713 81
3 713 82
3 713 83
3 713 84
3 713 85
3 714 81
3 714 82
3 714 83
3 714 84
3 714 85
3 715 81
3 715 82
3 715 83
3 715 84
3 715 85
3 716 81
3 716 82
3 716 83
3 716 84
3 716 85
3 717 81
3 717 82
3 717 83
3 717 84
3 717 85
3 718 83
3 718 84
3 718 85
3 719 83
3 719 84
3 719 85
3 720 83
3 720 84
3 720 85
3 721 84
3 721 85
3 722 84
3 722 85
3 723 84
3 723 85
3 723 86
3 724 84
3 724 85
3 724 86
3 725 84
3 725 85
3 725 86
3 726 84
3 726 85
3 726 86
3 727 84
3 727 85
3 727 86
3 728 84
3 728 85
3 728 86
3 728 87
3 729 84
3 729 85
3 729 86
3 729 87
3 730 84
3 730 85
3 730 86
3 730 87
3 731 85
3 731 86
3 731 87
3 732 85
3 732 86
3 732 87
3 732 88
3 733 85
3 733 86
3 733 87
3 733 88
3 734 86
3 734 87
3 734 88
3 734 89
3 735 86
3 735 87
3 735 88
3 735 89
3 736 86
3 736 87
3 736 88
3 736 89
3 737 87
3 737 88
3 737 89
3 738 87
3 738 88
3 738 89
3 739 87
3 739 88
3 739 89
3 740 87
3 740 88
3 740 89
3 741 87
3 741 88
3 741 89
3 741 90
3 742 87
3 742 88
3 742 89
3 742 90
3 743 88
3 743 89
3 743 90
3 744 88
3 744 89
3 744 90
3 745 88
3 745 89
3 745 90
3 746 88
3 746 89
3 746 90
3 747 88
3 747 89
3 747 90
3 748 88
3 748 89
3 748 90
3 749 88
3 749 89
3 749 90
3 750 88
3 750 89
3 750 90
3 751 88
3 751 89
3 751 90
3 752 88
3 752 89
3 752 90
3 753 88
3 753 89
3 753 90
3 753 91
3 754 88
3 754 89
3 754 90
3 754 91
3 755 89
3 755 90
3 755 91
3 756 90
3 756 91
3 756 92
3 757 90
3 757 91
3 757 92
3 758 90
3 758 91
3 758 92
3 759 90
3 759 91
3 759 92
3 760 91
3 760 92
3 761 91
3 761 92
3 762 91
3 762 92
3 763 91
3 763 92
3 764 91
3 764 92
3 764 93
3 765 91
3 765 92
3 765 93
3 765 94
3 766 91
3 766 92
3 766 93
3 766 94
3 767 91
3 767 92
3 767 93
3 767 94
3 768 92
3 768 93
3 768 94
3 769 93
3 769 94
3 770 93
3 770 94
3 771 93
3 771 94
3 772 93
3 772 94
3 773 93
3 773 94
3 774 93
3 774 94
3 775 93
3 775 94
3 776 93
3 776 94
3 777 93
3 777 94
3 778 93
3 778 94
3 779 93
3 779 94
3 780 93
3 780 94
3 781 93
3 781 94
3 782 93
3 782 94
3 783 93
3 783 94
3 784 93
3 784 94
3 785 93
3 785 94
4 418 20
4 418 21
4 419 20
4 419 21
4 420 20
4 420 21
4 421 20
4 421 21
4 422 20
4 422 21
4 423 20
4 423 21
4 424 20
4 424 21
4 425 20
4 425 21
4 426 20
4 426 21
4 427 20
4 427 21
4 428 20
4 428 21
4 429 20
4 429 21
4 430 20
4 430 21
4 430 22
4 431 20
4 431 21
4 431 22
4 432 20
4 432 21
4 432 22
4 433 20
4 433 21
4 433 22
4 433 23
4 434 20
4 434 21
4 434 22
4 434 23
4 435 21
4 435 22
4 435 23
4 436 21
4 436 22
4 436 23
4 437 21
4 437 22
4 437 23
4 438 21
4 438 22
4 438 23
4 439 22
4 439 23
4 439 24
4 440 22
4 440 23
4 440 24
4 441 22
4 441 23
4 441 24
4 442 22
4 442 23
4 442 24
4 443 22
4 443 23
4 443 24
4 444 22
4 444 23
4 444 24
4 445 22
4 445 23
4 445 24
4 446 22
4 446 23
4 446 24
4 446 25
4 447 22
4 447 23
4 447 24
4 447 25
4 448 23
4 448 24
4 448 25
4 449 23
4 449 24
4 449 25
4 450 23
4 450 24
4 450 25
4 451 23
4 451 24
4 451 25
4 452 23
4 452 24
4 452 25
4 452 26
4 453 23
4 453 24
4 453 25
4 453 26
4 454 23
4 454 24
4 454 25
4 454 26
4 455 23
4 455 24
4 455 25
4 455 26
4 456 23
4 456 24
4 456 25
4 456 26
4 457 23
4 457 24
4 457 25
4 457 26
4 458 23
4 458 24
4 458 25
4 458 26
4 459 24
4 459 25
4 459 26
4 460 24
4 460 25
4 460 26
4 461 24
4 461 25
4 461 26
4 462 24
4 462 25
4 462 26
4 462 27
4 463 24
4 463 25
4 463 26
4 463 27
4 464 25
4 464 26
4 464 27
4 465 25
4 465 26
4 465 27
4 466 25
4 466 26
4 466 27
4 467 25
4 467 26
4 467 27
4 468 25
4 468 26
4 468 27
4 468 28
4 469 25
4 469 26
4 469 27
4 469 28
4 470 25
4 470 26
4 470 27
4 470 28
4 471 25
4 471 26
4 471 27
4 471 28
4 472 26
4 472 27
4 472 28
4 473 26
4 473 27
4 473 28
4 474 26
4 474 27
4 474 28
4 475 26
4 475 27
4 475 28
4 476 26
4 476 27
4 476 28
4 476 29
4 477 26
4 477 27
4 477 28
4 477 29
4 478 26
4 478 27
4 478 28
4 478 29
4 479 26
4 479 27
4 479 28
4 479 29
4 480 27
4 480 28
4 480 29
4 481 27
4 481 28
4 481 29
4 482 27
4 482 28
4 482 29
4 483 27
4 483 28
4 483 29
4 483 30
4 484 27
4 484 28
4 484 29
4 484 30
4 485 27
4 485 28
4 485 29
4 485 30
4 486 28
4 486 29
4 486 30
4 487 28
4 487 29
4 487 30
4 488 28
4 488 29
4 488 30
4 489 28
4 489 29
4 489 30
4 490 28
4 490 29
4 490 30
4 491 28
4 491 29
4 491 30
4 491 31
4 492 28
4 492 29
4 492 30
4 492 31
4 493 28
4 493 29
4 493 30
4 493 31
4 494 29
4 494 30
4 494 31
4 495 29
4 495 30
4 495 31
4 496 29
4 496 30
4 496 31
4 497 29
4 497 30
4 497 31
4 498 29
4 498 30
4 498 31
4 499 29
4 499 30
4 499 31
4 500 29
4 500 30
4 500 31
4 501 29
4 501 30
4 501 31
4 501 32
4 502 29
4 502 30
4 502 31
4 502 32
4 503 30
4 503 31
4 503 32
4 504 30
4 504 31
4 504 32
4 505 30
4 505 31
4 505 32
4 506 30
4 506 31
4 506 32
4 507 30
4 507 31
4 507 32
4 508 30
4 508 31
4 508 32
4 508 33
4 509 30
4 509 31
4 509 32
4 509 33
4 510 30
4 510 31
4 510 32
4 510 33
4 511 31
4 511 32
4 511 33
4 512 31
4 512 32
4 512 33
4 513 31
4 513 32
4 513 33
4 514 31
4 514 32
4 514 33
4 515 31
4 515 32
4 515 33
4 516 31
4 516 32
4 516 33
4 516 34
4 517 31
4 517 32
4 517 33
4 517 34
4 518 32
4 518 33
4 518 34
4 519 32
4 519 33
4 519 34
4 520 32
4 520 33
4 520 34
4 521 32
4 521 33
4 521 34
4 522 32
4 522 33
4 522 34
4 523 32
4 523 33
4 523 34
4 524 32
4 524 33
4 524 34
4 524 35
4 525 32
4 525 33
4 525 34
4 525 35
4 526 32
4 526 33
4 526 34
4 526 35
4 527 32
4 527 33
4 527 34
4 527 35
4 528 32
4 528 33
4 528 34
4 528 35
4 529 32
4 529 33
4 529 34
4 529 35
4 530 33
4 530 34
4 530 35
4 530 36
4 531 33
4 531 34
4 531 35
4 531 36
4 532 33
4 532 34
4 532 35
4 532 36
4 533 33
4 533 34
4 533 35
4 533 36
4 534 33
4 534 34
4 534 35
4 534 36
4 535 33
4 535 34
4 535 35
4 535 36
4 536 34
4 536 35
4 536 36
4 537 34
4 537 35
4 537 36
4 538 34
4 538 35
4 538 36
4 539 34
4 539 35
4 539 36
4 540 34
4 540 35
4 540 36
4 540 37
4 541 34
4 541 35
4 541 36
4 541 37
4 542 34
4 542 35
4 542 36
4 542 37
4 543 35
4 543 36
4 543 37
4 544 35
4 544 36
4 544 37
4 545 35
4 545 36
4 545 37
4 546 35
4 546 36
4 546 37
4 547 35
4 547 36
4 547 37
4 548 35
4 548 36
4 548 37
4 549 35
4 549 36
4 549 37
4 550 36
4 550 37
4 550 38
4 551 36
4 551 37
4 551 38
4 552 36
4 552 37
4 552 38
4 553 36
4 553 37
4 553 38
4 554 36
4 554 37
4 554 38
4 555 36
4 555 37
4 555 38
4 555 39
4 556 36
4 556 37
4 556 38
4 556 39
4 557 36
4 557 37
4 557 38
4 557 39
4 558 36
4 558 37
4 558 38
4 558 39
4 559 37
4 559 38
4 559 39
4 560 37
4 560 38
4 560 39
4 561 37
4 561 38
4 561 39
4 562 37
4 562 38
4 562 39
4 562 40
4 563 37
4 563 38
4 563 39
4 563 40
4 564 37
4 564 38
4 564 39
4 564 40
4 565 37
4 565 38
4 565 39
4 565 40
4 566 37
4 566 38
4 566 39
4 566 40
4 567 38
4 567 39
4 567 40
4 568 38
4 568 39
4 568 40
4 569 38
4 569 39
4 569 40
4 570 38
4 570 39
4 570 40
4 571 38
4 571 39
4 571 40
4 571 41
4 572 38
4 572 39
4 572 40
4 572 41
4 573 38
4 573 39
4 573 40
4 573 41
4 574 38
4 574 39
4 574 40
4 574 41
4 575 39
4 575 40
4 575 41
4 576 39
4 576 40
4 576 41
4 577 39
4 577 40
4 577 41
4 578 39
4 578 40
4 578 41
4 579 39
4 579 40
4 579 41
4 579 42
4 580 39
4 580 40
4 580 41
4 580 42
4 581 39
4 581 40
4 581 41
4 581 42
4 582 40
4 582 41
4 582 42
4 583 40
4 583 41
4 583 42
4 584 40
4 584 41
4 584 42
4 585 40
4 585 41
4 585 42
4 585 43
4 586 40
4 586 41
4 586 42
4 586 43
4 587 40
4 587 41
4 587 42
4 587 43
4 588 40
4 588 41
4 588 42
4 588 43
4 589 40
4 589 41
4 589 42
4 589 43
4 590 41
4 590 42
4 590 43
4 591 41
4 591 42
4 591 43
4 592 41
4 592 42
4 592 43
4 593 41
4 593 42
4 593 43
4 593 44
4 594 41
4 594 42
4 594 43
4 594 44
4 595 42
4 595 43
4 595 44
4 596 42
4 596 43
4 596 44
4 597 42
4 597 43
4 597 44
4 598 42
4 598 43
4 598 44
4 598 45
4 599 42
4 599 43
4 599 44
4 599 45
4 600 42
4 600 43
4 600 44
4 600 45
4 601 42
4 601 43
4 601 44
4 601 45
4 602 42
4 602 43
4 602 44
4 602 45
4 603 42
4 603 43
4 603 44
4 603 45
4 603 46
4 604 42
4 604 43
4 604 44
4 604 45
4 604 46
4 605 43
4 605 44
4 605 45
4 605 46
4 606 43
4 606 44
4 606 45
4 606 46
4 607 44
4 607 45
4 607 46
4 608 44
4 608 45
4 608 46
4 609 44
4 609 45
4 609 46
4 610 44
4 610 45
4 610 46
4 611 44
4 611 45
4 611 46
4 611 47
4 612 44
4 612 45
4 612 46
4 612 47
4 613 44
4 613 45
4 613 46
4 613 47
4 614 44
4 614 45
4 614 46
4 614 47
4 615 44
4 615 45
4 615 46
4 615 47
4 615 48
4 616 45
4 616 46
4 616 47
4 616 48
4 617 45
4 617 46
4 617 47
4 617 48
4 618 45
4 618 46
4 618 47
4 618 48
4 619 45
4 619 46
4 619 47
4 619 48
4 619 54
4 620 45
4 620 46
4 620 47
4 620 48
4 620 54
4 621 45
4 621 46
4 621 47
4 621 48
4 621 51
4 621 54
4 622 46
4 622 47
4 622 48
4 622 51
4 622 54
4 623 46
4 623 47
4 623 48
4 623 51
4 623 54
4 624 46
4 624 47
4 624 48
4 624 49
4 624 51
4 624 54
4 625 46
4 625 47
4 625 48
4 625 49
4 625 51
4 625 54
4 626 47
4 626 48
4 626 49
4 626 50
4 626 51
4 626 54
4 627 47
4 627 48
4 627 49
4 627 50
4 627 51
4 627 54
4 628 47
4 628 48
4 628 49
4 628 50
4 628 51
4 628 54
4 629 47
4 629 48
4 629 49
4 629 50
4 629 51
4 629 54
4 630 47
4 630 48
4 630 49
4 630 50
4 630 51
4 630 54
4 631 47
4 631 48
4 631 49
4 631 50
4 631 51
4 631 54
4 632 47
4 632 48
4 632 49
4 632 50
4 632 51
4 632 54
4 633 47
4 633 48
4 633 49
4 633 50
4 633 51
4 633 54
4 634 47
4 634 48
4 634 49
4 634 50
4 634 51
4 634 54
4 635 48
4 635 49
4 635 50
4 635 51
4 635 54
4 636 48
4 636 49
4 636 50
4 636 51
4 636 54
4 637 48
4 637 49
4 637 50
4 637 51
4 637 54
4 637 55
4 638 48
4 638 49
4 638 50
4 638 51
4 638 54
4 638 55
4 639 48
4 639 49
4 639 50
4 639 51
4 639 52
4 639 54
4 639 55
4 640 48
4 640 49
4 640 50
4 640 51
4 640 52
4 640 54
4 640 55
4 641 48
4 641 49
4 641 50
4 641 51
4 641 52
4 641 54
4 641 55
4 642 48
4 642 50
4 642 51
4 642 52
4 642 54
4 642 55
4 643 48
4 643 50
4 643 51
4 643 52
4 643 54
4 643 55
4 644 48
4 644 50
4 644 51
4 644 52
4 644 54
4 644 55
4 645 48
4 645 50
4 645 51
4 645 52
4 645 54
4 645 55
4 646 48
4 646 50
4 646 51
4 646 52
4 646 54
4 646 55
4 647 48
4 647 50
4 647 51
4 647 52
4 647 54
4 647 55
4 648 50
4 648 51
4 648 52
4 648 53
4 648 54
4 649 51
4 649 52
4 649 53
4 649 54
4 650 51
4 650 52
4 650 53
4 650 54
4 651 51
4 651 52
4 651 53
4 651 54
4 652 51
4 652 52
4 652 53
4 652 54
4 653 51
4 653 52
4 653 53
4 653 54
4 654 52
4 654 53
4 654 54
4 655 52
4 655 53
4 655 54
4 656 52
4 656 53
4 656 54
4 657 52
4 657 53
4 657 54
4 658 52
4 658 53
4 658 54
4 658 55
4 659 53
4 659 54
4 659 55
4 660 53
4 660 54
4 660 55
4 661 53
4 661 54
4 661 55
4 662 53
4 662 54
4 662 55
4 663 54
4 663 55
4 664 54
4 664 55
4 664 56
4 665 54
4 665 55
4 665 56
4 666 54
4 666 55
4 666 56
4 667 54
4 667 55
4 667 56
4 668 54
4 668 55
4 668 56
4 669 55
4 669 56
4 669 57
4 670 55
4 670 56
4 670 57
4 671 55
4 671 56
4 671 57
4 672 56
4 672 57
4 673 56
4 673 57
4 674 56
4 674 57
4 675 56
4 675 57
4 676 56
4 676 57
4 677 56
4 677 57
4 678 56
4 678 57
4 679 57
4 680 57
4 681 57
4 682 57
4 683 57
4 684 57
4 685 57
