0 230 15
0 230 16
0 231 15
0 231 16
0 232 15
0 232 16
0 232 17
0 233 15
0 233 16
0 233 17
0 234 16
0 234 17
0 235 16
0 235 17
0 236 16
0 236 17
0 237 16
0 237 17
0 238 16
0 238 17
0 239 16
0 239 17
0 240 16
0 240 17
0 241 16
0 241 17
0 242 16
0 242 17
0 243 16
0 243 17
0 244 16
0 244 17
0 244 18
0 245 16
0 245 17
0 245 18
0 246 17
0 246 18
0 247 17
0 247 18
0 248 17
0 248 18
0 248 19
0 249 17
0 249 18
0 249 19
0 250 17
0 250 18
0 250 19
0 251 17
0 251 18
0 251 19
0 252 17
0 252 18
0 252 19
0 253 17
0 253 18
0 253 19
0 254 17
0 254 18
0 254 19
0 255 17
0 255 18
0 255 19
0 255 20
0 256 17
0 256 18
0 256 19
0 256 20
0 257 18
0 257 19
0 257 20
0 258 18
0 258 19
0 258 20
0 259 18
0 259 19
0 259 20
0 260 18
0 260 19
0 260 20
0 261 18
0 261 19
0 261 20
0 262 18
0 262 19
0 262 20
0 263 18
0 263 19
0 263 20
0 263 21
0 264 18
0 264 19
0 264 20
0 264 21
0 265 19
0 265 20
0 265 21
0 266 19
0 266 20
0 266 21
0 267 19
0 267 20
0 267 21
0 268 19
0 268 20
0 268 21
0 268 22
0 269 19
0 269 20
0 269 21
0 269 22
0 270 19
0 270 20
0 270 21
0 270 22
0 271 19
0 271 20
0 271 21
0 271 22
0 272 19
0 272 20
0 272 21
0 272 22
0 273 19
0 273 20
0 273 21
0 273 22
0 274 20
0 274 21
0 274 22
0 275 20
0 275 21
0 275 22
0 276 20
0 276 21
0 276 22
0 277 20
0 277 21
0 277 22
0 278 21
0 278 22
0 278 23
0 279 21
0 279 22
0 279 23
0 280 21
0 280 22
0 280 23
0 281 21
0 281 22
0 281 23
0 282 21
0 282 22
0 282 23
0 282 24
0 283 21
0 283 22
0 283 23
0 283 24
0 284 21
0 284 22
0 284 23
0 284 24
0 285 21
0 285 22
0 285 23
0 285 24
0 286 21
0 286 22
0 286 23
0 286 24
0 287 21
0 287 22
0 287 23
0 287 24
0 288 22
0 288 23
0 288 24
0 288 25
0 289 22
0 289 23
0 289 24
0 289 25
0 290 22
0 290 23
0 290 24
0 290 25
0 291 23
0 291 24
0 291 25
0 292 23
0 292 24
0 292 25
0 293 23
0 293 24
0 293 25
0 294 23
0 294 24
0 294 25
0 295 23
0 295 24
0 295 25
0 295 26
0 296 23
0 296 24
0 296 25
0 296 26
0 297 23
0 297 24
0 297 25
0 297 26
0 298 23
0 298 24
0 298 25
0 298 26
0 299 23
0 299 24
0 299 25
0 299 26
0 300 24
0 300 25
0 300 26
0 301 24
0 301 25
0 301 26
0 302 24
0 302 25
0 302 26
0 303 24
0 303 25
0 303 26
0 304 24
0 304 25
0 304 26
0 305 24
0 305 25
0 305 26
0 305 27
0 305 28
0 306 24
0 306 25
0 306 26
0 306 27
0 306 28
0 307 25
0 307 26
0 307 27
0 307 28
0 308 25
0 308 26
0 308 27
0 308 28
0 309 25
0 309 26
0 309 27
0 309 28
0 310 25
0 310 26
0 310 27
0 310 28
0 310 29
0 311 25
0 311 26
0 311 27
0 311 28
0 311 29
0 312 26
0 312 27
0 312 28
0 312 29
0 313 26
0 313 27
0 313 28
0 313 29
0 314 26
0 314 27
0 314 28
0 314 29
0 315 27
0 315 28
0 315 29
0 316 27
0 316 28
0 316 29
0 317 27
0 317 28
0 317 29
0 318 27
0 318 28
0 318 29
0 319 27
0 319 28
0 319 29
0 320 28
0 320 29
0 321 28
0 321 29
0 322 28
0 322 29
0 322 30
0 323 28
0 323 29
0 323 30
0 324 28
0 324 29
0 324 30
0 325 28
0 325 29
0 325 30
0 326 28
0 326 29
0 326 30
0 327 28
0 327 29
0 327 30
0 328 29
0 328 30
0 328 31
0 329 29
0 329 30
0 329 31
0 330 29
0 330 30
0 330 31
0 331 29
0 331 30
0 331 31
0 332 29
0 332 30
0 332 31
0 332 32
0 333 29
0 333 30
0 333 31
0 333 32
0 334 29
0 334 30
0 334 31
0 334 32
0 335 29
0 335 30
0 335 31
0 335 32
0 336 29
0 336 30
0 336 31
0 336 32
0 337 29
0 337 30
0 337 31
0 337 32
0 338 29
0 338 30
0 338 31
0 338 32
0 339 30
0 339 31
0 339 32
0 340 30
0 340 31
0 340 32
0 340 33
0 341 30
0 341 31
0 341 32
0 341 33
0 342 30
0 342 31
0 342 32
0 342 33
0 343 30
0 343 31
0 343 32
0 343 33
0 344 30
0 344 31
0 344 32
0 344 33
0 345 30
0 345 31
0 345 32
0 345 33
0 345 34
0 346 30
0 346 31
0 346 32
0 346 33
0 346 34
0 347 31
0 347 32
0 347 33
0 347 34
0 348 31
0 348 32
0 348 33
0 348 34
0 349 31
0 349 32
0 349 33
0 349 34
0 350 31
0 350 32
0 350 33
0 350 34
0 351 31
0 351 32
0 351 33
0 351 34
0 351 35
0 352 32
0 352 33
0 352 34
0 352 35
0 353 32
0 353 33
0 353 34
0 353 35
0 354 32
0 354 33
0 354 34
0 354 35
0 355 32
0 355 33
0 355 34
0 355 35
0 356 33
0 356 34
0 356 35
0 357 33
0 357 34
0 357 35
0 358 33
0 358 34
0 358 35
0 359 33
0 359 34
0 359 35
0 360 33
0 360 34
0 360 35
0 361 33
0 361 34
0 361 35
0 361 36
0 362 34
0 362 35
0 362 36
0 363 34
0 363 35
0 363 36
0 364 34
0 364 35
0 364 36
0 365 34
0 365 35
0 365 36
0 366 34
0 366 35
0 366 36
0 367 34
0 367 35
0 367 36
0 368 34
0 368 35
0 368 36
0 368 37
0 369 34
0 369 35
0 369 36
0 369 37
0 370 34
0 370 35
0 370 36
0 370 37
0 371 35
0 371 36
0 371 37
0 372 35
0 372 36
0 372 37
0 373 35
0 373 36
0 373 37
0 374 35
0 374 36
0 374 37
0 375 35
0 375 36
0 375 37
0 375 38
0 376 35
0 376 36
0 376 37
0 376 38
0 377 35
0 377 36
0 377 37
0 377 38
0 378 36
0 378 37
0 378 38
0 379 36
0 379 37
0 379 38
0 380 36
0 380 37
0 380 38
0 380 39
0 381 36
0 381 37
0 381 38
0 381 39
0 382 36
0 382 37
0 382 38
0 382 39
0 383 36
0 383 37
0 383 38
0 383 39
0 384 36
0 384 37
0 384 38
0 384 39
0 385 37
0 385 38
0 385 39
0 386 37
0 386 38
0 386 39
0 387 37
0 387 38
0 387 39
0 388 37
0 388 38
0 388 39
0 389 37
0 389 38
0 389 39
0 390 38
0 390 39
0 391 38
0 391 39
0 391 40
0 392 38
0 392 39
0 392 40
0 393 38
0 393 39
0 393 40
0 394 38
0 394 39
0 394 40
0 395 38
0 395 39
0 395 40
0 396 38
0 396 39
0 396 40
0 396 41
0 397 38
0 397 39
0 397 40
0 397 41
0 398 39
0 398 40
0 398 41
0 399 39
0 399 40
0 399 41
0 400 39
0 400 40
0 400 41
0 401 39
0 401 40
0 401 41
0 402 39
0 402 40
0 402 41
0 403 39
0 403 40
0 403 41
0 404 40
0 404 41
0 405 40
0 405 41
0 406 40
0 406 41
0 407 40
0 407 41
0 408 40
0 408 41
0 408 42
0 409 40
0 409 41
0 409 42
0 410 40
0 410 41
0 410 42
0 411 40
0 411 41
0 411 42
0 412 40
0 412 41
0 412 42
0 412 43
0 413 40
0 413 41
0 413 42
0 413 43
0 414 40
0 414 41
0 414 42
0 414 43
0 415 41
0 415 42
0 415 43
0 416 41
0 416 42
0 416 43
0 417 41
0 417 42
0 417 43
0 418 41
0 418 42
0 418 43
0 419 41
0 419 42
0 419 43
0 420 41
0 420 42
0 420 43
0 420 44
0 421 41
0 421 42
0 421 43
0 421 44
0 422 41
0 422 42
0 422 43
0 422 44
0 423 41
0 423 42
0 423 43
0 423 44
0 424 41
0 424 42
0 424 43
0 424 44
0 424 45
0 425 41
0 425 42
0 425 43
0 425 44
0 425 45
0 426 41
0 426 42
0 426 43
0 426 44
0 426 45
0 427 42
0 427 43
0 427 44
0 427 45
0 428 42
0 428 43
0 428 44
0 428 45
0 429 42
0 429 43
0 429 44
0 429 45
0 430 42
0 430 43
0 430 44
0 430 45
0 431 43
0 431 44
0 431 45
0 432 43
0 432 44
0 432 45
0 433 43
0 433 44
0 433 45
0 434 43
0 434 44
0 434 45
0 435 43
0 435 44
0 435 45
0 436 43
0 436 44
0 436 45
0 437 44
0 437 45
0 437 46
0 438 44
0 438 45
0 438 46
0 439 44
0 439 45
0 439 46
0 440 44
0 440 45
0 440 46
0 441 44
0 441 45
0 441 46
0 441 47
0 442 44
0 442 45
0 442 46
0 442 47
0 443 44
0 443 45
0 443 46
0 443 47
0 444 45
0 444 46
0 444 47
0 445 45
0 445 46
0 445 47
0 446 45
0 446 46
0 446 47
0 447 45
0 447 46
0 447 47
0 448 45
0 448 46
0 448 47
0 449 45
0 449 46
0 449 47
0 450 45
0 450 46
0 450 47
0 451 45
0 451 46
0 451 47
0 452 45
0 452 46
0 452 47
0 453 45
0 453 46
0 453 47
0 454 46
0 454 47
0 455 46
0 455 47
0 456 46
0 456 47
0 457 46
0 457 47
1 604 38
1 604 39
1 604 40
1 605 38
1 605 39
1 605 40
1 606 38
1 606 39
1 606 40
1 607 39
1 607 40
1 608 39
1 608 40
1 609 39
1 609 40
1 610 39
1 610 40
1 610 41
1 611 39
1 611 40
1 611 41
1 612 39
1 612 40
1 612 41
1 613 39
1 613 40
1 613 41
1 614 39
1 614 40
1 614 41
1 615 39
1 615 40
1 615 41
1 616 39
1 616 40
1 616 41
1 617 39
1 617 40
1 617 41
1 618 40
1 618 41
1 619 40
1 619 41
1 620 40
1 620 41
1 621 40
1 621 41
1 621 42
1 622 40
1 622 41
1 622 42
1 623 40
1 623 41
1 623 42
1 624 40
1 624 41
1 624 42
1 625 40
1 625 41
1 625 42
1 625 43
1 626 40
1 626 41
1 626 42
1 626 43
1 627 40
1 627 41
1 627 42
1 627 43
1 628 40
1 628 41
1 628 42
1 628 43
1 629 41
1 629 42
1 629 43
1 630 41
1 630 42
1 630 43
1 631 41
1 631 42
1 631 43
1 632 41
1 632 42
1 632 43
1 633 41
1 633 42
1 633 43
1 634 41
1 634 42
1 634 43
1 634 44
1 635 42
1 635 43
1 635 44
1 636 42
1 636 43
1 636 44
1 637 42
1 637 43
1 637 44
1 638 42
1 638 43
1 638 44
1 639 42
1 639 43
1 639 44
1 640 42
1 640 43
1 640 44
1 641 42
1 641 43
1 641 44
1 642 42
1 642 43
1 642 44
1 643 43
1 643 44
1 644 43
1 644 44
1 645 43
1 645 44
1 646 43
1 646 44
1 647 43
1 647 44
1 648 43
1 648 44
1 649 43
1 649 44
1 649 45
1 650 43
1 650 44
1 650 45
1 651 43
1 651 44
1 651 45
1 652 43
1 652 44
1 652 45
1 653 43
1 653 44
1 653 45
1 653 46
1 654 43
1 654 44
1 654 45
1 654 46
1 654 47
1 655 44
1 655 45
1 655 46
1 655 47
1 656 44
1 656 45
1 656 46
1 656 47
1 657 44
1 657 45
1 657 46
1 657 47
1 658 44
1 658 45
1 658 46
1 658 47
1 659 44
1 659 45
1 659 46
1 659 47
1 660 45
1 660 46
1 660 47
1 661 45
1 661 46
1 661 47
1 662 45
1 662 46
1 662 47
1 663 46
1 663 47
1 664 46
1 664 47
1 665 46
1 665 47
1 666 46
1 666 47
1 667 46
1 667 47
1 668 46
1 668 47
1 669 46
1 669 47
1 669 48
1 670 46
1 670 47
1 670 48
1 671 46
1 671 47
1 671 48
1 672 46
1 672 47
1 672 48
1 672 49
1 673 46
1 673 47
1 673 48
1 673 49
1 674 47
1 674 48
1 674 49
1 675 47
1 675 48
1 675 49
1 676 47
1 676 48
1 676 49
1 677 47
1 677 48
1 677 49
1 678 47
1 678 48
1 678 49
1 679 47
1 679 48
1 679 49
1 680 48
1 680 49
1 681 48
1 681 49
1 682 48
1 682 49
1 682 50
1 683 48
1 683 49
1 683 50
1 684 48
1 684 49
1 684 50
1 685 48
1 685 49
1 685 50
1 686 48
1 686 49
1 686 50
1 687 48
1 687 49
1 687 50
1 688 48
1 688 49
1 688 50
1 688 51
1 689 48
1 689 49
1 689 50
1 689 51
1 690 49
1 690 50
1 690 51
1 691 49
1 691 50
1 691 51
1 691 52
1 692 49
1 692 50
1 692 51
1 692 52
1 693 49
1 693 50
1 693 51
1 693 52
1 694 49
1 694 50
1 694 51
1 694 52
1 695 49
1 695 50
1 695 51
1 695 52
1 696 49
1 696 50
1 696 51
1 696 52
1 697 49
1 697 50
1 697 51
1 697 52
1 698 50
1 698 51
1 698 52
1 699 50
1 699 51
1 699 52
1 700 50
1 700 51
1 700 52
1 701 50
1 701 51
1 701 52
1 702 50
1 702 51
1 702 52
1 702 53
1 703 51
1 703 52
1 703 53
1 704 51
1 704 52
1 704 53
1 705 51
1 705 52
1 705 53
1 706 51
1 706 52
1 706 53
1 706 54
1 707 51
1 707 52
1 707 53
1 707 54
1 708 51
1 708 52
1 708 53
1 708 54
1 709 52
1 709 53
1 709 54
1 710 52
1 710 53
1 710 54
1 711 52
1 711 53
1 711 54
1 712 52
1 712 53
1 712 54
1 713 52
1 713 53
1 713 54
1 714 52
1 714 53
1 714 54
1 715 53
1 715 54
1 716 53
1 716 54
1 717 53
1 717 54
1 718 53
1 718 54
1 718 55
1 719 53
1 719 54
1 719 55
1 720 53
1 720 54
1 720 55
1 721 53
1 721 54
1 721 55
1 722 53
1 722 54
1 722 55
1 722 56
1 723 53
1 723 54
1 723 55
1 723 56
1 723 57
1 724 53
1 724 54
1 724 55
1 724 56
1 724 57
1 725 53
1 725 54
1 725 55
1 725 56
1 725 57
1 726 53
1 726 54
1 726 55
1 726 56
1 726 57
1 727 53
1 727 54
1 727 55
1 727 56
1 727 57
1 728 53
1 728 54
1 728 55
1 728 56
1 728 57
1 729 54
1 729 55
1 729 56
1 729 57
1 730 54
1 730 55
1 730 56
1 730 57
1 731 55
1 731 56
1 731 57
1 732 55
1 732 56
1 732 57
1 733 55
1 733 56
1 733 57
1 734 55
1 734 56
1 734 57
1 735 55
1 735 56
1 735 57
1 736 56
1 736 57
1 736 58
1 737 56
1 737 57
1 737 58
1 738 56
1 738 57
1 738 58
1 739 56
1 739 57
1 739 58
1 740 56
1 740 57
1 740 58
1 741 56
1 741 57
1 741 58
1 742 56
1 742 57
1 742 58
1 743 56
1 743 57
1 743 58
1 744 56
1 744 57
1 744 58
1 744 59
1 745 56
1 745 57
1 745 58
1 745 59
1 746 56
1 746 57
1 746 58
1 746 59
1 747 57
1 747 58
1 747 59
1 748 57
1 748 58
1 748 59
1 749 57
1 749 58
1 749 59
1 749 60
1 750 57
1 750 58
1 750 59
1 750 60
1 751 57
1 751 58
1 751 59
1 751 60
1 752 57
1 752 58
1 752 59
1 752 60
1 753 58
1 753 59
1 753 60
1 753 61
1 754 58
1 754 59
1 754 60
1 754 61
1 755 58
1 755 59
1 755 60
1 755 61
1 756 58
1 756 59
1 756 60
1 756 61
1 757 59
1 757 60
1 757 61
1 758 59
1 758 60
1 758 61
1 759 59
1 759 60
1 759 61
1 760 59
1 760 60
1 760 61
1 761 59
1 761 60
1 762 59
1 762 60
1 763 59
1 763 60
2 0 0
2 1 0
2 2 0
2 3 0
2 4 0
2 5 0
2 6 0
2 7 0
2 8 0
2 9 0
2 10 0
2 11 0
2 12 0
2 13 0
2 14 0
2 15 0
2 16 0
2 17 0
2 18 0
2 19 0
2 20 0
2 21 0
2 22 0
2 23 0
2 24 0
2 25 0
2 26 0
2 27 0
2 28 0
2 29 0
2 30 0
2 31 0
2 32 0
2 33 0
2 34 0
2 35 0
2 36 0
2 37 0
2 38 0
2 39 0
2 40 0
2 41 0
2 42 0
2 43 0
2 44 0
2 45 0
2 46 0
2 47 0
2 48 0
2 49 0
2 50 0
2 51 0
2 52 0
2 53 0
2 54 0
2 55 0
2 56 0
2 57 0
2 58 0
2 58 1
2 59 0
2 59 1
2 60 0
2 60 1
2 61 0
2 61 1
2 62 0
2 62 1
2 63 0
2 63 1
2 64 0
2 64 1
2 65 0
2 65 1
2 66 0
2 66 1
2 67 0
2 67 1
2 67 2
2 68 0
2 68 1
2 68 2
2 69 0
2 69 1
2 69 2
2 70 0
2 70 1
2 70 2
2 71 0
2 71 1
2 71 2
2 72 0
2 72 1
2 72 2
2 73 0
2 73 1
2 73 2
2 74 0
2 74 1
2 74 2
2 75 0
2 75 1
2 75 2
2 76 0
2 76 1
2 76 2
2 77 0
2 77 1
2 77 2
2 78 0
2 78 1
2 78 2
2 78 3
2 79 0
2 79 1
2 79 2
2 79 3
2 80 0
2 80 1
2 80 2
2 80 3
2 81 0
2 81 1
2 81 2
2 81 3
2 82 0
2 82 1
2 82 2
2 82 3
2 83 1
2 83 2
2 83 3
2 84 1
2 84 2
2 84 3
2 85 2
2 85 3
2 86 2
2 86 3
2 86 4
2 87 2
2 87 3
2 87 4
2 88 2
2 88 3
2 88 4
2 89 2
2 89 3
2 89 4
2 90 2
2 90 3
2 90 4
2 91 2
2 91 3
2 91 4
2 92 2
2 92 3
2 92 4
2 93 2
2 93 3
2 93 4
2 94 2
2 94 3
2 94 4
2 95 2
2 95 3
2 95 4
2 96 2
2 96 3
2 96 4
2 96 5
2 97 2
2 97 3
2 97 4
2 97 5
2 98 2
2 98 3
2 98 4
2 98 5
2 99 2
2 99 3
2 99 4
2 99 5
2 100 2
2 100 3
2 100 4
2 100 5
2 101 3
2 101 4
2 101 5
2 102 3
2 102 4
2 102 5
2 103 3
2 103 4
2 103 5
2 104 3
2 104 4
2 104 5
2 105 3
2 105 4
2 105 5
2 105 6
2 106 4
2 106 5
2 106 6
2 107 4
2 107 5
2 107 6
2 108 4
2 108 5
2 108 6
2 109 4
2 109 5
2 109 6
2 110 4
2 110 5
2 110 6
2 111 4
2 111 5
2 111 6
2 112 4
2 112 5
2 112 6
2 113 4
2 113 5
2 113 6
2 113 7
2 114 4
2 114 5
2 114 6
2 114 7
2 115 4
2 115 5
2 115 6
2 115 7
2 116 5
2 116 6
2 116 7
2 117 5
2 117 6
2 117 7
2 118 5
2 118 6
2 118 7
2 119 5
2 119 6
2 119 7
2 120 5
2 120 6
2 120 7
2 120 8
2 121 5
2 121 6
2 121 7
2 121 8
2 122 5
2 122 6
2 122 7
2 122 8
2 123 6
2 123 7
2 123 8
2 124 6
2 124 7
2 124 8
2 125 6
2 125 7
2 125 8
2 126 6
2 126 7
2 126 8
2 127 6
2 127 7
2 127 8
2 128 6
2 128 7
2 128 8
2 129 7
2 129 8
2 130 7
2 130 8
2 131 7
2 131 8
2 132 7
2 132 8
2 132 9
2 133 7
2 133 8
2 133 9
2 134 7
2 134 8
2 134 9
2 135 7
2 135 8
2 135 9
2 136 7
2 136 8
2 136 9
2 137 7
2 137 8
2 137 9
2 138 7
2 138 8
2 138 9
2 139 7
2 139 8
2 139 9
2 140 8
2 140 9
2 141 8
2 141 9
2 141 10
2 142 8
2 142 9
2 142 10
2 143 8
2 143 9
2 143 10
2 144 8
2 144 9
2 144 10
2 145 8
2 145 9
2 145 10
2 146 8
2 146 9
2 146 10
2 147 8
2 147 9
2 147 10
2 148 8
2 148 9
2 148 10
2 149 9
2 149 10
2 150 9
2 150 10
2 151 9
2 151 10
2 152 9
2 152 10
2 153 9
2 153 10
2 154 9
2 154 10
2 155 9
2 155 10
2 155 11
2 156 9
2 156 10
2 156 11
2 157 9
2 157 10
2 157 11
2 158 9
2 158 10
2 158 11
2 159 9
2 159 10
2 159 11
2 160 9
2 160 10
2 160 11
2 161 9
2 161 10
2 161 11
2 162 10
2 162 11
2 163 10
2 163 11
2 164 10
2 164 11
2 165 10
2 165 11
2 166 10
2 166 11
2 167 10
2 167 11
2 168 10
2 168 11
2 169 10
2 169 11
2 170 10
2 170 11
2 171 10
2 171 11
2 172 10
2 172 11
2 173 10
2 173 11
2 174 10
2 174 11
2 175 10
2 175 11
2 176 10
2 176 11
3 145 4
3 145 5
3 146 4
3 146 5
3 147 4
3 147 5
3 148 4
3 148 5
3 148 6
3 149 4
3 149 5
3 149 6
3 150 4
3 150 5
3 150 6
3 151 4
3 151 5
3 151 6
3 152 4
3 152 5
3 152 6
3 153 4
3 153 5
3 153 6
3 154 4
3 154 5
3 154 6
3 155 4
3 155 5
3 155 6
3 156 4
3 156 5
3 156 6
3 157 4
3 157 5
3 157 6
3 158 4
3 158 5
3 158 6
3 159 4
3 159 5
3 159 6
3 160 4
3 160 5
3 160 6
3 161 4
3 161 5
3 161 6
3 162 4
3 162 5
3 162 6
3 163 4
3 163 5
3 163 6
3 163 7
3 164 4
3 164 5
3 164 6
3 164 7
3 165 4
3 165 5
3 165 6
3 165 7
3 166 4
3 166 5
3 166 6
3 166 7
3 167 4
3 167 5
3 167 6
3 167 7
3 168 4
3 168 5
3 168 6
3 168 7
3 169 5
3 169 6
3 169 7
3 170 5
3 170 6
3 170 7
3 171 5
3 171 6
3 171 7
3 172 5
3 172 6
3 172 7
3 173 5
3 173 6
3 173 7
3 174 5
3 174 6
3 174 7
3 175 6
3 175 7
3 176 6
3 176 7
3 177 6
3 177 7
3 178 6
3 178 7
3 178 8
3 179 6
3 179 7
3 179 8
3 180 6
3 180 7
3 180 8
3 181 6
3 181 7
3 181 8
3 182 6
3 182 7
3 182 8
3 183 6
3 183 7
3 183 8
3 184 6
3 184 7
3 184 8
3 185 6
3 185 7
3 185 8
3 186 6
3 186 7
3 186 8
3 187 6
3 187 7
3 187 8
3 188 6
3 188 7
3 188 8
3 189 6
3 189 7
3 189 8
3 190 7
3 190 8
3 191 7
3 191 8
3 192 7
3 192 8
3 193 7
3 193 8
3 194 7
3 194 8
3 194 9
3 195 7
3 195 8
3 195 9
3 196 7
3 196 8
3 196 9
3 197 7
3 197 8
3 197 9
3 198 7
3 198 8
3 198 9
3 199 7
3 199 8
3 199 9
3 200 7
3 200 8
3 200 9
3 201 7
3 201 8
3 201 9
3 202 7
3 202 8
3 202 9
3 203 8
3 203 9
3 204 8
3 204 9
3 205 8
3 205 9
3 206 8
3 206 9
3 207 8
3 207 9
3 208 8
3 208 9
3 209 8
3 209 9
3 209 10
3 210 8
3 210 9
3 210 10
3 211 8
3 211 9
3 211 10
3 212 8
3 212 9
3 212 10
3 213 8
3 213 9
3 213 10
3 214 8
3 214 9
3 214 10
3 215 8
3 215 9
3 215 10
3 216 8
3 216 9
3 216 10
3 217 8
3 217 9
3 217 10
3 217 11
3 218 9
3 218 10
3 218 11
3 219 9
3 219 10
3 219 11
3 220 9
3 220 10
3 220 11
3 221 9
3 221 10
3 221 11
3 222 9
3 222 10
3 222 11
3 223 9
3 223 10
3 223 11
3 224 9
3 224 10
3 224 11
3 225 9
3 225 10
3 225 11
3 226 9
3 226 10
3 226 11
3 227 10
3 227 11
3 227 12
3 228 10
3 228 11
3 228 12
3 229 10
3 229 11
3 229 12
3 230 10
3 230 11
3 230 12
3 231 10
3 231 11
3 231 12
3 232 10
3 232 11
3 232 12
3 233 10
3 233 11
3 233 12
3 234 10
3 234 11
3 234 12
3 235 10
3 235 11
3 235 12
3 235 13
3 236 10
3 236 11
3 236 12
3 236 13
3 237 11
3 237 12
3 237 13
3 238 11
3 238 12
3 238 13
3 239 11
3 239 12
3 239 13
3 240 11
3 240 12
3 240 13
3 241 11
3 241 12
3 241 13
3 242 11
3 242 12
3 242 13
3 243 11
3 243 12
3 243 13
3 244 12
3 244 13
3 245 12
3 245 13
3 245 14
3 246 12
3 246 13
3 246 14
3 247 12
3 247 13
3 247 14
3 248 12
3 248 13
3 248 14
3 249 12
3 249 13
3 249 14
3 250 12
3 250 13
3 250 14
3 251 12
3 251 13
3 251 14
3 252 12
3 252 13
3 252 14
3 253 12
3 253 13
3 253 14
3 254 12
3 254 13
3 254 14
3 255 12
3 255 13
3 255 14
3 256 12
3 256 13
3 256 14
3 256 15
3 257 12
3 257 13
3 257 14
3 257 15
3 258 12
3 258 13
3 258 14
3 258 15
3 259 13
3 259 14
3 259 15
3 260 13
3 260 14
3 260 15
3 261 13
3 261 14
3 261 15
3 262 14
3 262 15
3 263 14
3 263 15
3 264 14
3 264 15
3 265 14
3 265 15
4 808 5
4 809 5
4 809 6
4 810 5
4 810 6
4 811 4
4 811 5
4 811 6
4 812 4
4 812 5
4 812 6
4 813 4
4 813 5
4 813 6
4 814 4
4 814 5
4 814 6
4 815 4
4 815 5
4 815 6
4 816 4
4 816 5
4 817 4
4 817 5
4 818 4
4 818 5
4 819 4
4 819 5
4 820 4
4 820 5
4 821 4
4 821 5
4 822 4
4 822 5
4 823 4
4 823 5
4 824 4
4 824 5
4 825 4
4 825 5
4 825 6
4 826 4
4 826 5
4 826 6
4 827 4
4 827 5
4 827 6
4 828 4
4 828 5
4 828 6
4 829 5
4 829 6
4 830 5
4 830 6
4 831 5
4 831 6
4 832 5
4 832 6
4 833 5
4 833 6
4 834 5
4 834 6
4 835 5
4 835 6
4 836 5
4 836 6
4 837 5
4 837 6
4 838 5
4 839 5
4 840 5
4 841 5
4 842 5
4 843 5
4 844 5
4 845 5
4 846 5
4 847 5
4 848 5
4 849 5
4 850 5
4 851 5
4 852 5
4 853 5
4 854 5
4 855 5
4 856 5
4 857 5
4 858 5
4 859 5
4 860 5
4 861 5
4 862 5
4 863 5
4 864 5
4 865 5
4 866 5
4 867 5
4 868 4
4 868 5
4 869 4
4 869 5
4 870 4
4 870 5
4 871 4
4 871 5
4 872 4
4 872 5
4 873 4
4 873 5
4 874 4
4 874 5
4 875 4
4 875 5
4 876 4
4 876 5
4 877 4
4 877 5
4 878 4
4 878 5
4 879 4
4 879 5
4 880 4
4 880 5
4 881 4
4 881 5
4 882 4
4 882 5
4 883 4
4 883 5
4 884 4
4 884 5
4 885 4
4 885 5
4 886 4
4 886 5
4 887 4
4 887 5
4 888 4
4 888 5
4 888 6
4 889 4
4 889 5
4 889 6
4 890 4
4 890 5
4 890 6
4 891 4
4 891 5
4 891 6
4 892 4
4 892 5
4 892 6
4 893 4
4 893 5
4 893 6
4 894 5
4 894 6
4 895 5
4 896 5
4 897 5
4 898 5
4 899 5
4 900 4
4 900 5
4 901 4
4 901 5
4 902 4
4 902 5
4 903 4
4 903 5
4 904 4
4 904 5
4 905 4
4 905 5
4 906 4
4 906 5
4 907 4
4 907 5
4 908 4
4 908 5
4 909 4
4 909 5
4 910 4
4 910 5
4 911 4
4 911 5
4 912 4
4 912 5
4 913 4
4 913 5
4 914 4
4 914 5
4 915 4
4 915 5
4 916 4
4 916 5
4 917 4
4 917 5
4 918 4
4 918 5
4 919 4
4 919 5
4 920 4
4 920 5
4 921 4
4 921 5
4 922 5
4 923 5
4 924 5
4 925 5
4 926 5
4 927 5
4 928 5
4 929 5
4 930 5
4 931 5
4 932 5
4 933 5
4 934 5
4 935 5
4 936 5
4 937 4
4 937 5
4 938 4
4 938 5
4 939 4
4 939 5
4 940 4
4 940 5
4 941 4
4 941 5
4 942 4
4 942 5
4 943 4
4 943 5
4 944 4
4 944 5
4 945 4
4 945 5
4 946 4
4 946 5
4 947 4
4 947 5
4 948 4
4 948 5
4 949 4
4 949 5
4 950 4
4 950 5
4 951 4
4 951 5
4 952 4
4 952 5
4 953 4
4 953 5
4 954 4
4 954 5
4 955 4
4 955 5
4 956 4
4 956 5
4 957 4
4 957 5
4 958 4
4 958 5
4 959 4
4 959 5
4 960 4
4 960 5
4 961 4
4 961 5
4 962 4
4 962 5
4 963 4
4 963 5
4 964 4
4 964 5
4 965 4
4 965 5
4 966 4
4 966 5
4 967 4
4 967 5
4 968 4
4 968 5
4 969 4
4 969 5
4 970 5
4 970 6
4 971 5
4 971 6
4 972 5
4 972 6
4 973 5
4 973 6
4 974 5
4 974 6
4 975 5
4 975 6
4 976 5
4 976 6
4 977 5
4 977 6
4 978 5
4 978 6
4 979 5
4 979 6
4 980 5
4 980 6
4 981 5
4 981 6
4 982 5
4 982 6
4 983 5
4 984 5
4 985 5
4 986 5
4 987 5
4 988 5
4 989 5
4 990 5
4 991 5
4 992 5
4 993 5
4 994 4
4 994 5
4 995 4
4 995 5
4 996 4
4 996 5
4 997 4
4 997 5
4 998 4
4 998 5
4 999 4
4 999 5
